security,datetime,close,RSI,STOCHASTIC,ATR
EUR_USD,2010-12-30 22:00:00,1.32855,,,
EUR_USD,2010-12-31 22:00:00,1.33815,,,
EUR_USD,2011-01-01 22:00:00,1.3328,,,
EUR_USD,2011-01-02 22:00:00,1.32512,,,
EUR_USD,2011-01-03 22:00:00,1.32919,,,
EUR_USD,2011-01-04 22:00:00,1.31258,,,0.007796000000000003
EUR_USD,2011-01-05 22:00:00,1.29978,,,0.007134799999999979
EUR_USD,2011-01-06 22:00:00,1.29057,,,0.006175839999999985
EUR_USD,2011-01-08 22:00:00,1.28607,,,0.005192671999999996
EUR_USD,2011-01-09 22:00:00,1.28742,,,0.006228137599999996
EUR_USD,2011-01-10 22:00:00,1.29048,,,0.007358510079999976
EUR_USD,2011-01-11 22:00:00,1.29622,,,0.010684808063999972
EUR_USD,2011-01-12 22:00:00,1.30893,,,0.016963846451200002
EUR_USD,2011-01-13 22:00:00,1.33145,,,0.020929077160960024
EUR_USD,2011-01-14 22:00:00,1.33865,,,0.018183261728767997
EUR_USD,2011-01-15 22:00:00,1.33788,,,0.01515860938301441
EUR_USD,2011-01-16 22:00:00,1.32446,,,0.012254887506411523
EUR_USD,2011-01-17 22:00:00,1.32537,,,0.014245910005129231
EUR_USD,2011-01-18 22:00:00,1.33685,,,0.017098728004103392
EUR_USD,2011-01-19 22:00:00,1.33963,,,0.01676498240328268
EUR_USD,2011-01-20 22:00:00,1.3449,,,0.01799598592262611
EUR_USD,2011-01-21 22:00:00,1.36173,,84.59726544859654,0.017842788738100905
EUR_USD,2011-01-22 22:00:00,1.35948,,89.55937452570214,0.014846230990480696
EUR_USD,2011-01-23 22:00:00,1.35408,,91.44360787865928,0.013696984792384535
EUR_USD,2011-01-24 22:00:00,1.3573,,86.52187100280132,0.014225587833907632
EUR_USD,2011-01-25 22:00:00,1.3641,,85.57045075729359,0.014344470267126118
EUR_USD,2011-01-26 22:00:00,1.36376,,86.9713670543119,0.013827576213700893
EUR_USD,2011-01-27 22:00:00,1.35837,,85.64530231766874,0.01323406097096069
EUR_USD,2011-01-28 22:00:00,1.36111,,83.23502722323047,0.011135248776768546
EUR_USD,2011-01-29 22:00:00,1.35754,,80.24667020621855,0.008932199021414816
EUR_USD,2011-01-30 22:00:00,1.35708,56.99161887957657,78.8820755664924,0.010417759217131839
EUR_USD,2011-01-31 22:00:00,1.36903,59.44860621764137,77.27993128379741,0.013778207373705475
EUR_USD,2011-02-01 22:00:00,1.37678,60.94545676236539,79.3220838121356,0.014448565898964398
EUR_USD,2011-02-02 22:00:00,1.36099,56.54619574394847,72.4841860256211,0.012718852719171524
EUR_USD,2011-02-03 22:00:00,1.35438,54.8321735458181,60.95708988168786,0.011567082175337234
EUR_USD,2011-02-04 22:00:00,1.35809,55.613371178103286,49.955853787744786,0.009995665740269808
EUR_USD,2011-02-05 22:00:00,1.35464,54.703220981470636,46.21814115015584,0.008424532592215853
EUR_USD,2011-02-06 22:00:00,1.35086,53.7069887019999,40.15243299844165,0.008343626073772667
EUR_USD,2011-02-07 22:00:00,1.35727,55.14014981626437,31.906370186556813,0.010274900859018138
EUR_USD,2011-02-08 22:00:00,1.36114,55.991084917447985,29.00893437296936,0.011651920687214525
EUR_USD,2011-02-09 22:00:00,1.35776,55.047661854052066,22.05610995266942,0.011821536549771612
EUR_USD,2011-02-10 22:00:00,1.34977,52.86923024764799,6.174494422930579,0.010323229239817279
EUR_USD,2011-02-11 22:00:00,1.35514,54.13126857613324,-5.708221626452115,0.009348583391853859
EUR_USD,2011-02-12 22:00:00,1.35054,52.87657371062597,-12.259848211162991,0.007546866713483089
EUR_USD,2011-02-13 22:00:00,1.34291,50.85399713524319,-12.380830301668718,0.007095493370786475
EUR_USD,2011-02-14 22:00:00,1.34614,51.66368282920718,-14.811572035359555,0.00810439469662919
EUR_USD,2011-02-15 22:00:00,1.34624,51.689174215826725,-12.019635650231633,0.009015515757303375
EUR_USD,2011-02-16 22:00:00,1.3537,53.57847619151676,-0.10185284480189487,0.010342412605842689
EUR_USD,2011-02-17 22:00:00,1.35458,53.79895952958856,7.591111111111086,0.011835930084674172
EUR_USD,2011-02-18 22:00:00,1.36931,57.30992555384585,28.097777777777637,0.012414744067739365
EUR_USD,2011-02-19 22:00:00,1.36931,57.30992555384585,41.973333333333265,0.01058579525419147
EUR_USD,2011-02-20 22:00:00,1.36479,55.91457885143395,51.04888888888885,0.008922636203353176
EUR_USD,2011-02-21 22:00:00,1.35258,52.35260237721314,36.54553459119485,0.008252108962682556
EUR_USD,2011-02-22 22:00:00,1.36485,55.31203669723738,36.18486622025633,0.011815687170146052
EUR_USD,2011-02-23 22:00:00,1.37048,56.59179637648612,43.61050356316476,0.012898549736116857
EUR_USD,2011-02-24 22:00:00,1.3724,57.02596663345675,62.277748330725444,0.012982839788893486
EUR_USD,2011-02-25 22:00:00,1.37534,57.696216633935016,69.59115179304455,0.010984271831114755
EUR_USD,2011-02-26 22:00:00,1.37424,57.35001203616985,72.09258205274159,0.008951417464891812
EUR_USD,2011-02-27 22:00:00,1.37115,56.367132064925336,69.90032330136138,0.009421133971913468
EUR_USD,2011-02-28 22:00:00,1.3763,57.619424699108684,69.57395600945063,0.010390907177530776
EUR_USD,2011-03-01 22:00:00,1.37434,56.97562134383908,66.49722944094856,0.010864725742024597
EUR_USD,2011-03-02 22:00:00,1.38334,59.14406985835159,69.80045917426547,0.013339780593619708
EUR_USD,2011-03-03 22:00:00,1.3941,61.54136441496584,73.91875996269188,0.014145824474895744
EUR_USD,2011-03-04 22:00:00,1.39868,62.50999517573588,84.76394246365098,0.012256659579916625
EUR_USD,2011-03-05 22:00:00,1.39815,62.3220894395501,92.82740954210702,0.010017327663933312
EUR_USD,2011-03-06 22:00:00,1.39556,61.389201013656255,92.1824699515007,0.009103862131146641
EUR_USD,2011-03-07 22:00:00,1.38626,58.15560529425295,81.12150967088179,0.007949089704917324
EUR_USD,2011-03-08 22:00:00,1.38562,57.93834512730707,68.70529913103313,0.007935271763933837
EUR_USD,2011-03-09 22:00:00,1.37756,55.24932631788272,51.07881070643924,0.0077142174111470485
EUR_USD,2011-03-10 22:00:00,1.37522,54.48979273325166,38.91296868035408,0.008965373928917646
EUR_USD,2011-03-11 22:00:00,1.39029,58.3082728521709,41.46573329876427,0.010186299143134101
EUR_USD,2011-03-12 22:00:00,1.39029,58.3082728521709,52.46737533488918,0.009799039314507256
EUR_USD,2011-03-13 21:00:00,1.39047,58.35293831647698,65.64687581021542,0.009845231451605803
EUR_USD,2011-03-14 21:00:00,1.38556,56.6406287785358,56.14616171150417,0.010042185161284621
EUR_USD,2011-03-15 21:00:00,1.38672,56.94937295995515,47.73870066437225,0.010969748129027703
EUR_USD,2011-03-16 21:00:00,1.3869,56.998524478120004,38.64872974158908,0.012475798503222155
EUR_USD,2011-03-17 21:00:00,1.39808,59.93745011992177,43.914177449368545,0.016284638802577724
EUR_USD,2011-03-18 21:00:00,1.41819,64.457532397915,63.644522708268624,0.017049711042062193
EUR_USD,2011-03-19 21:00:00,1.41667,63.89386658199937,81.56878812777816,0.013971768833649754
EUR_USD,2011-03-20 21:00:00,1.4139,62.8576146437051,90.04023985242681,0.012643415066919772
EUR_USD,2011-03-21 21:00:00,1.41794,63.7447740354109,85.1238625977829,0.012302732053535853
EUR_USD,2011-03-22 21:00:00,1.40853,60.27575987860653,75.59022199133504,0.010544185642828708
EUR_USD,2011-03-23 21:00:00,1.4054,59.1677978848875,68.49841199497733,0.011131348514262954
EUR_USD,2011-03-24 21:00:00,1.40555,59.204973620052364,59.347071423295624,0.011699078811410373
EUR_USD,2011-03-25 21:00:00,1.40882,60.025735162657725,59.561267449589955,0.010013263049128276
EUR_USD,2011-03-26 21:00:00,1.40208,57.55662481276738,57.1090922520126,0.008010610439302622
EUR_USD,2011-03-27 21:00:00,1.40213,57.57001877951275,54.58305635571304,0.008300488351442103
EUR_USD,2011-03-28 21:00:00,1.40471,58.27291356843052,51.54738163823018,0.009190390681153647
EUR_USD,2011-03-29 21:00:00,1.40524,58.41929592798092,53.88137971785204,0.009362312544922941
EUR_USD,2011-03-30 21:00:00,1.41164,60.16497011610115,58.040465498583224,0.01110585003593833
EUR_USD,2011-03-31 21:00:00,1.40621,58.02679605964225,55.104725068795254,0.01146668002875066
EUR_USD,2011-04-01 21:00:00,1.42339,62.400307169822455,68.19571865443388,0.012609344023000523
EUR_USD,2011-04-02 21:00:00,1.42089,61.43664303486725,77.03555045871519,0.010259475218400435
EUR_USD,2011-04-03 21:00:00,1.41932,60.826384486231206,88.02106247364196,0.009403580174720368
EUR_USD,2011-04-04 21:00:00,1.41518,59.22169440235512,78.84955460302207,0.008574864139776303
EUR_USD,2011-04-05 21:00:00,1.42088,60.69844341428557,68.29798737140904,0.010815891311821025
EUR_USD,2011-04-06 21:00:00,1.42427,61.555018171952035,63.554618003835905,0.011218713049456843
EUR_USD,2011-04-07 21:00:00,1.42916,62.765973012426024,59.44456573493854,0.01388497043956549
EUR_USD,2011-04-08 21:00:00,1.44732,66.78526305118423,72.65191112670648,0.014939976351652406
EUR_USD,2011-04-09 21:00:00,1.44441,65.6112098281452,80.92360489406143,0.012151981081321948
EUR_USD,2011-04-10 21:00:00,1.4421,64.67751973856465,90.57743957027743,0.010515584865057565
EUR_USD,2011-04-11 21:00:00,1.43779,62.94850509608453,81.83882746683248,0.010376467892046087
EUR_USD,2011-04-12 21:00:00,1.44139,63.78503575440683,77.71761664826276,0.011151174313636889
EUR_USD,2011-04-13 21:00:00,1.43656,61.84699624743687,71.95860288675209,0.010928939450909522
EUR_USD,2011-04-14 21:00:00,1.43909,62.46498008997459,72.80445372303411,0.011499151560727599
EUR_USD,2011-04-15 21:00:00,1.44303,63.419525678972796,73.945720250522,0.009987321248582091
EUR_USD,2011-04-16 21:00:00,1.44088,62.52197657272799,76.1388270458905,0.007989856998865673
EUR_USD,2011-04-17 21:00:00,1.41572,53.376959970169175,55.39723707894419,0.00662788559909253
EUR_USD,2011-04-18 21:00:00,1.42058,54.70096501072395,34.970027473052674,0.009222308479273992
EUR_USD,2011-04-19 21:00:00,1.43285,57.8287512323998,24.866636459644862,0.014205846783419206
EUR_USD,2011-04-20 21:00:00,1.45057,61.77214753409354,43.50115917453453,0.017764677426735372
EUR_USD,2011-04-21 21:00:00,1.45346,62.36588311369927,61.32973134164185,0.015873741941388308
EUR_USD,2011-04-22 21:00:00,1.45672,63.03582511154681,73.6821614887487,0.013350993553110655
EUR_USD,2011-04-23 21:00:00,1.45482,62.366455801152604,76.9913571595422,0.010680794842488524
EUR_USD,2011-04-24 21:00:00,1.45258,61.56908789972169,76.26131580275087,0.010116635873990814
EUR_USD,2011-04-25 21:00:00,1.44938,60.42734991574291,69.69600547138474,0.010729308699192646
EUR_USD,2011-04-26 21:00:00,1.46332,63.47930939657833,67.89272348417008,0.014605446959354134
EUR_USD,2011-04-27 21:00:00,1.47693,66.1184667917173,71.692294285513,0.01666035756748331
EUR_USD,2011-04-28 21:00:00,1.48042,66.75575134322835,80.58460807904919,0.015502286053986637
EUR_USD,2011-04-29 21:00:00,1.48074,66.81495663608514,86.35895852629424,0.012465828843189286
EUR_USD,2011-04-30 21:00:00,1.48074,66.81495663608514,88.31944015642692,0.009972663074551429
EUR_USD,2011-05-01 21:00:00,1.47628,65.08608187678738,85.38244975095995,0.009866130459641166
EUR_USD,2011-05-02 21:00:00,1.47545,64.76346549714123,81.86637965878329,0.010440904367712929
EUR_USD,2011-05-03 21:00:00,1.47752,65.20839202063226,77.91464470987074,0.012066723494170338
EUR_USD,2011-05-04 21:00:00,1.45103,55.86932667730328,64.55747788789749,0.012133378795336266
EUR_USD,2011-05-05 21:00:00,1.43102,50.24604086903336,42.16713881019841,0.011254703036268984
EUR_USD,2011-05-06 21:00:00,1.4314,50.344226116625364,20.391879131256037,0.009079762429015198
EUR_USD,2011-05-07 21:00:00,1.4314,50.344226116625364,11.123701605288126,0.008915809943212146
EUR_USD,2011-05-08 21:00:00,1.42545,48.73276607898322,4.368158555780786,0.009698647954569697
EUR_USD,2011-05-09 21:00:00,1.42709,49.196441571949755,-1.6938085108884833,0.010922918363655748
EUR_USD,2011-05-10 21:00:00,1.41729,46.59156562746858,-12.972426274885576,0.011784334690924615
EUR_USD,2011-05-11 21:00:00,1.41232,45.33230753517789,-12.875173620220552,0.01150146775273969
EUR_USD,2011-05-12 21:00:00,1.40666,43.93341076870918,-16.172855971989947,0.013535174202191767
EUR_USD,2011-05-13 21:00:00,1.41184,45.52493118023207,-8.661943590429162,0.011864139361753406
EUR_USD,2011-05-14 21:00:00,1.40723,44.365492446515134,-7.461823163121692,0.009491311489402725
EUR_USD,2011-05-15 21:00:00,1.40484,43.7676700691505,-3.5461638207164783,0.011039049191522196
EUR_USD,2011-05-16 21:00:00,1.4121,46.05202702765784,-2.3723719626707704,0.012629239353217725
EUR_USD,2011-05-17 21:00:00,1.41953,48.27656930055323,3.58811290385888,0.0134213914825742
EUR_USD,2011-05-18 21:00:00,1.42068,48.61582503943888,9.806461743807017,0.013343113186059382
EUR_USD,2011-05-19 21:00:00,1.41335,46.60043440395161,10.297177403525227,0.013450490548847529
EUR_USD,2011-05-20 21:00:00,1.41561,47.29728913326136,8.758293094649188,0.01121239243907801
EUR_USD,2011-05-21 21:00:00,1.41094,46.013707617193,4.934636674125543,0.008969913951262409
EUR_USD,2011-05-22 21:00:00,1.39698,42.4511003367884,-1.4917756055431373,0.007923931161009898
EUR_USD,2011-05-23 21:00:00,1.40021,43.49818898567537,-5.824458363774322,0.00960714492880788
EUR_USD,2011-05-24 21:00:00,1.40138,43.8808061487447,-8.628899540197205,0.010011715943046309
EUR_USD,2011-05-25 21:00:00,1.40681,45.64788430246447,-2.1357220817297446,0.011869372754437021
EUR_USD,2011-05-26 21:00:00,1.41252,47.44797074128259,6.1987397949072935,0.014617498203549645
EUR_USD,2011-05-27 21:00:00,1.43175,52.88433629725126,31.078456211468662,0.015539998562839732
EUR_USD,2011-05-28 21:00:00,1.43091,52.63827457168005,52.55449625895981,0.012751998850271751
EUR_USD,2011-05-29 21:00:00,1.42573,51.12091212451896,64.61121935219212,0.01047559908021742
EUR_USD,2011-05-30 21:00:00,1.42791,51.72673318540545,62.297012677804524,0.011722479264173937
EUR_USD,2011-05-31 21:00:00,1.43212,52.89315111604058,61.274083295463214,0.012969983411339144
EUR_USD,2011-06-01 21:00:00,1.43073,52.460205401579294,61.224465713896855,0.014231986729071309
EUR_USD,2011-06-02 21:00:00,1.44512,56.29169150196507,63.35563368002172,0.018091589383257015
EUR_USD,2011-06-03 21:00:00,1.46353,60.50451843547953,74.09562006620841,0.01815527150660562
EUR_USD,2011-06-04 21:00:00,1.46078,59.616588090779615,86.91876750700293,0.014524217205284497
EUR_USD,2011-06-05 21:00:00,1.45575,58.00586261705939,92.15325212653885,0.012623373764227603
EUR_USD,2011-06-06 21:00:00,1.45638,58.15235708749814,85.75372693955633,0.012874699011382062
EUR_USD,2011-06-07 21:00:00,1.45648,58.17631437123016,80.94620281999634,0.012929759209105648
EUR_USD,2011-06-08 21:00:00,1.44776,55.31948410501691,75.1965469400339,0.012119807367284519
EUR_USD,2011-06-09 21:00:00,1.43224,50.73254114773376,62.79225116900462,0.011161845893827628
EUR_USD,2011-06-10 21:00:00,1.4347,51.39339759304685,51.60063717177945,0.009421476715062129
EUR_USD,2011-06-11 21:00:00,1.42879,49.73538404896615,41.85293664251582,0.007537181372049704
EUR_USD,2011-06-12 21:00:00,1.43214,50.66860551392212,40.5288819638308,0.008875745097639757
EUR_USD,2011-06-13 21:00:00,1.43787,52.237670471007235,41.07962675450983,0.010614596078111823
EUR_USD,2011-06-14 21:00:00,1.41563,46.32194833749766,29.474204458504754,0.009949676862489463
EUR_USD,2011-06-15 21:00:00,1.4074,44.397225900630175,9.849701312129667,0.009269741489991582
EUR_USD,2011-06-16 21:00:00,1.41278,45.91689354637495,-9.44158012808902,0.012725793191993282
EUR_USD,2011-06-17 21:00:00,1.4313,50.713781951891505,-1.5876089060988263,0.013884634553594644
EUR_USD,2011-06-18 21:00:00,1.42635,49.499863641380614,10.642142626653694,0.011107707642875716
EUR_USD,2011-06-19 21:00:00,1.41916,47.78128948175012,14.759599870926076,0.01017216611430056
EUR_USD,2011-06-20 21:00:00,1.43034,50.54330151461241,14.140045175863108,0.012753732891440446
EUR_USD,2011-06-21 21:00:00,1.43417,51.45329731499523,19.186834462729802,0.012974986313152354
EUR_USD,2011-06-22 21:00:00,1.41265,46.48204048009221,14.98547918683434,0.010691989050521886
EUR_USD,2011-06-23 21:00:00,1.4142,46.86455681434243,4.569215876088904,0.0121515912404175
EUR_USD,2011-06-24 21:00:00,1.41878,48.00062807388157,-5.363020329138603,0.010637272992334006
EUR_USD,2011-06-25 21:00:00,1.4168,47.54599795673309,-2.684737011939442,0.009225818393867232
EUR_USD,2011-06-26 21:00:00,1.41027,46.057716959105775,-5.2306914185578846,0.009902654715093788
EUR_USD,2011-06-27 21:00:00,1.42376,49.439927820339754,-1.680573602532876,0.01381212377207507
EUR_USD,2011-06-28 21:00:00,1.43284,51.55496397301424,12.428667397923585,0.015259699017660059
EUR_USD,2011-06-29 21:00:00,1.44272,53.73353048538721,40.443067499476314,0.016397759214128053
EUR_USD,2011-06-30 21:00:00,1.44366,53.93740554545597,59.38122276856976,0.01561220737130244
EUR_USD,2011-07-01 21:00:00,1.45253,55.83706055069525,76.98397909297798,0.014263765897041984
EUR_USD,2011-07-02 21:00:00,1.45135,55.52194296498444,83.84842784197797,0.011741012717633574
EUR_USD,2011-07-03 21:00:00,1.4496,55.045347387532786,87.31961903697233,0.010680810174106862
EUR_USD,2011-07-04 21:00:00,1.43968,52.407349586482916,74.53879681060518,0.009694648139285474
EUR_USD,2011-07-05 21:00:00,1.42863,49.6646690722792,53.06204428310412,0.00914771851142835
EUR_USD,2011-07-06 21:00:00,1.42212,48.129568067274775,29.440253491532754,0.009078174809142664
EUR_USD,2011-07-07 21:00:00,1.42058,47.76824830585126,12.808681534649478,0.010228539847314111
EUR_USD,2011-07-08 21:00:00,1.42582,49.11293460484174,10.407587798000772,0.009350831877851302
EUR_USD,2011-07-09 21:00:00,1.42041,47.79864459868395,8.946423993847906,0.008282665502281012
EUR_USD,2011-07-10 21:00:00,1.39864,43.00765225482906,-9.800905750661924,0.007098132401824837
EUR_USD,2011-07-11 21:00:00,1.38372,40.15417599183411,-27.513217000075652,0.007192505921459842
EUR_USD,2011-07-12 21:00:00,1.39516,43.14622231976794,-30.280364186653667,0.012862004737167854
EUR_USD,2011-07-13 21:00:00,1.41156,47.07061444387508,-5.357053391608641,0.016903603789734316
EUR_USD,2011-07-14 21:00:00,1.40926,46.60390922112843,12.77916320310329,0.01519288303178747
EUR_USD,2011-07-15 21:00:00,1.416,48.16201250679284,24.328068717096084,0.01350230642542997
EUR_USD,2011-07-16 21:00:00,1.41058,47.020612913831265,23.78498198947071,0.010957845140343977
EUR_USD,2011-07-17 21:00:00,1.40145,45.15577481358004,19.45691327237463,0.009352276112275203
EUR_USD,2011-07-18 21:00:00,1.40691,46.4691892654932,14.419506788584199,0.011539820889820147
EUR_USD,2011-07-19 21:00:00,1.41336,47.99126923029623,15.96009975062355,0.012637856711856094
EUR_USD,2011-07-20 21:00:00,1.41393,48.12610988856626,22.876142975893618,0.016110285369484882
EUR_USD,2011-07-21 21:00:00,1.43241,52.27595795237145,37.007481296758066,0.018848228295587917
EUR_USD,2011-07-22 21:00:00,1.43598,53.02692669428372,49.542809642560286,0.015792582636470348
EUR_USD,2011-07-23 21:00:00,1.43598,53.02692669428372,62.660587023747844,0.013274066109176252
EUR_USD,2011-07-24 21:00:00,1.43252,52.175387349495026,67.11998275211404,0.011771252887340999
EUR_USD,2011-07-25 21:00:00,1.43576,52.90795540470772,69.01399718485986,0.013423002309872797
EUR_USD,2011-07-26 21:00:00,1.43394,52.44116866366685,68.4875126988241,0.014308401847898267
EUR_USD,2011-07-27 21:00:00,1.42544,50.29722981603953,61.31611013744217,0.012666721478318613
EUR_USD,2011-07-28 21:00:00,1.42297,49.68659640308449,53.26067536180096,0.013313377182654896
EUR_USD,2011-07-29 21:00:00,1.4396,53.609304022571436,56.6315287951879,0.013976701746123903
EUR_USD,2011-07-30 21:00:00,1.43791,53.173476144814764,64.05812637722586,0.011467361396899132
EUR_USD,2011-07-31 21:00:00,1.41851,48.49199605493962,61.40194151628839,0.010665889117519312
EUR_USD,2011-08-01 21:00:00,1.41516,47.741156068225514,39.4963068077634,0.01048671129401546
EUR_USD,2011-08-02 21:00:00,1.41434,47.55470574820816,17.95205313792179,0.012251369035212355
EUR_USD,2011-08-03 21:00:00,1.40894,46.322273005908244,3.7133191723702565,0.014385095228169897
EUR_USD,2011-08-04 21:00:00,1.40554,45.55332282306554,-2.2400319124699317,0.01567607618253591
EUR_USD,2011-08-05 21:00:00,1.428,51.10044052530815,9.366925608871654,0.017432860946028715
EUR_USD,2011-08-06 21:00:00,1.428,51.10044052530815,25.222172013857204,0.016792288756822968
EUR_USD,2011-08-07 21:00:00,1.41297,47.62561994533258,30.817894261183653,0.016501831005458403
EUR_USD,2011-08-08 21:00:00,1.41528,48.185806575018965,21.23813827383627,0.018135464804366716
EUR_USD,2011-08-09 21:00:00,1.41624,48.422972701826424,12.381382738364062,0.01946837184349336
EUR_USD,2011-08-10 21:00:00,1.4104,47.06719918707202,10.445850278656302,0.018208697474794713
EUR_USD,2011-08-11 21:00:00,1.41499,48.24536931549337,10.227443892152216,0.01831895797983575
EUR_USD,2011-08-12 21:00:00,1.42485,50.684601630905206,16.711854194908664,0.016627166383868595
EUR_USD,2011-08-13 21:00:00,1.42266,50.14161056077703,25.945172465732544,0.013769733107094879
EUR_USD,2011-08-14 21:00:00,1.42483,50.68317561104399,33.35592709745425,0.016033786485675917
EUR_USD,2011-08-15 21:00:00,1.43545,53.253845518457105,44.338732301551175,0.017301029188540734
EUR_USD,2011-08-16 21:00:00,1.43249,52.465323157982816,52.510747722519206,0.017098823350832616
EUR_USD,2011-08-17 21:00:00,1.42715,51.05450856835955,54.849377309899815,0.016211058680666073
EUR_USD,2011-08-18 21:00:00,1.42594,50.734714663314776,45.23865691593909,0.016590846944532875
EUR_USD,2011-08-19 21:00:00,1.4396,54.092899032614014,50.82959817567013,0.0160046775556263
EUR_USD,2011-08-20 21:00:00,1.43733,53.466367936633915,58.83463080915294,0.012901742044501062
EUR_USD,2011-08-21 21:00:00,1.43475,52.74803502507699,65.76236533773672,0.011543393635600863
EUR_USD,2011-08-22 21:00:00,1.4354,52.9129134422253,62.459699614688844,0.012288714908480713
EUR_USD,2011-08-23 21:00:00,1.43795,53.57040310609784,62.9472359833293,0.012374971926784585
EUR_USD,2011-08-24 21:00:00,1.43281,52.0547708336945,57.72662202538475,0.011801977541427651
EUR_USD,2011-08-25 21:00:00,1.4329,52.07932891700652,52.083220451964415,0.012915582033142144
EUR_USD,2011-08-26 21:00:00,1.44989,56.436877129426605,61.11111111111089,0.013730465626513682
EUR_USD,2011-08-27 21:00:00,1.4483,55.94438104146679,76.31527287004297,0.011176372501210962
EUR_USD,2011-08-28 21:00:00,1.44661,55.4126869220792,87.38423224400378,0.010255098000968807
EUR_USD,2011-08-29 21:00:00,1.43847,52.9072607075176,74.46117070257338,0.009544078400775077
EUR_USD,2011-08-30 21:00:00,1.43589,52.1343752437369,57.32320874534616,0.009329262720620058
EUR_USD,2011-08-31 21:00:00,1.42268,48.39014013524269,29.00375519749733,0.008007410176496014
EUR_USD,2011-09-01 21:00:00,1.41844,47.263079582717786,3.2918679663911994,0.00762592814119681
EUR_USD,2011-09-02 21:00:00,1.42057,47.89377113819001,-9.52698201199199,0.006526742512957486
EUR_USD,2011-09-03 21:00:00,1.41566,46.56578267217861,-11.88910017228571,0.005221394010365989
EUR_USD,2011-09-04 21:00:00,1.40608,44.09781420975823,-13.582195622113057,0.004519115208292812
EUR_USD,2011-09-05 21:00:00,1.39727,41.98110954208758,-22.75495040035813,0.008075292166634248
EUR_USD,2011-09-06 21:00:00,1.39926,42.62463992060577,-18.27355057448478,0.010002233733307378
EUR_USD,2011-09-07 21:00:00,1.38728,39.8705455916781,-16.996686092109226,0.0101637869866459
EUR_USD,2011-09-08 21:00:00,1.36268,35.05866337787977,-20.590207941526916,0.009407029589316687
EUR_USD,2011-09-09 21:00:00,1.36491,35.78542077912819,-20.44886081881523,0.008051623671453376
EUR_USD,2011-09-10 21:00:00,1.35731,34.42710504622633,-15.731219013847602,0.006521298937162693
EUR_USD,2011-09-11 21:00:00,1.34957,33.10332202410642,-6.133272946362371,0.007639039149730168
EUR_USD,2011-09-12 21:00:00,1.35584,35.19164253370698,-6.979266621734017,0.010985231319784135
EUR_USD,2011-09-13 21:00:00,1.35917,36.28443598419368,-4.00374376039947,0.013288185055827302
EUR_USD,2011-09-14 21:00:00,1.37038,39.81834859305256,3.209927897947726,0.017536548044661832
EUR_USD,2011-09-15 21:00:00,1.3754,41.32592010751965,9.99029395452011,0.017821238435729483
EUR_USD,2011-09-16 21:00:00,1.38013,42.7244249067275,17.25596228508032,0.015202990748583613
EUR_USD,2011-09-17 21:00:00,1.3684,40.262480035185746,16.62499750826371,0.012162392598866891
EUR_USD,2011-09-18 21:00:00,1.35866,38.36356614719984,10.820611091076097,0.010465914079093495
EUR_USD,2011-09-19 21:00:00,1.35938,38.585067063237204,3.6750023608066162,0.011530731263274792
EUR_USD,2011-09-20 21:00:00,1.35633,37.98684578485366,-0.8715750927475984,0.013312585010619837
EUR_USD,2011-09-21 21:00:00,1.33852,34.733854397053676,-9.635962160821018,0.011406068008495848
EUR_USD,2011-09-22 21:00:00,1.34191,35.81612202646623,-11.723980213949085,0.012766854406796691
EUR_USD,2011-09-23 21:00:00,1.35002,38.346295469478726,-9.104336994452147,0.011835483525437366
EUR_USD,2011-09-24 21:00:00,1.34923,38.194571054907456,0.8453222791188569,0.011136386820349897
EUR_USD,2011-09-25 21:00:00,1.33626,35.78952118610063,-2.252422693452994,0.01006310945627993
EUR_USD,2011-09-26 21:00:00,1.34795,39.35033020670727,-2.907970258695731,0.014168487565023924
EUR_USD,2011-09-27 21:00:00,1.3533,40.901926120986,0.8122832432116917,0.015548790052019125
EUR_USD,2011-09-28 21:00:00,1.35201,40.6425735413852,9.696843120841873,0.015361032041615303
EUR_USD,2011-09-29 21:00:00,1.33842,38.01556624502158,3.2741867342626576,0.013902825633292247
EUR_USD,2011-09-30 21:00:00,1.33865,38.08563157344021,-1.6731101580102345,0.011188260506633832
EUR_USD,2011-10-01 21:00:00,1.3324,36.91270236073104,-9.43586146102726,0.009002608405307096
EUR_USD,2011-10-02 21:00:00,1.31679,34.191998520957824,-13.846226484037821,0.008346086724245666
EUR_USD,2011-10-03 21:00:00,1.31459,33.82847635217459,-15.113115224303476,0.010702869379396573
EUR_USD,2011-10-04 21:00:00,1.32608,37.42300323321035,-7.39671922202137,0.01332429550351728
EUR_USD,2011-10-05 21:00:00,1.32423,37.08744149772833,6.129177035749457,0.01445943640281385
EUR_USD,2011-10-06 21:00:00,1.33612,40.62705442978899,17.321815235719487,0.01721954912225107
EUR_USD,2011-10-07 21:00:00,1.33771,41.08559571412952,24.15620274603859,0.014093639297800853
EUR_USD,2011-10-08 21:00:00,1.33462,40.457432104417094,29.741829946008085,0.011624911438240711
EUR_USD,2011-10-09 21:00:00,1.33781,41.414036175482195,30.696677384780145,0.016343929150592577
EUR_USD,2011-10-10 21:00:00,1.35658,46.63289068740213,44.79947562932472,0.01918914332047406
EUR_USD,2011-10-11 21:00:00,1.35831,47.082346782390985,56.33028029688297,0.02070131465637926
EUR_USD,2011-10-12 21:00:00,1.36856,49.679852540519974,71.35116031093679,0.02142305172510342
EUR_USD,2011-10-13 21:00:00,1.37238,50.61443731960237,71.90802799388378,0.021308441380082744
EUR_USD,2011-10-14 21:00:00,1.38813,54.23944192690097,84.00583404590235,0.020196753104066226
EUR_USD,2011-10-15 21:00:00,1.38623,53.74710778327954,90.02182290941171,0.01615740248325298
EUR_USD,2011-10-16 21:00:00,1.37258,50.35046016160582,89.4162968877907,0.01396592198660236
EUR_USD,2011-10-17 21:00:00,1.36533,48.66078538407588,78.2236022024451,0.0130047375892819
EUR_USD,2011-10-18 21:00:00,1.37253,50.37177040190316,71.16470216321184,0.014727790071425516
EUR_USD,2011-10-19 21:00:00,1.36562,48.75846776619393,68.02149663550563,0.014134232057140412
EUR_USD,2011-10-20 21:00:00,1.37041,49.908922990519,70.31567538273951,0.016207385645712325
EUR_USD,2011-10-21 21:00:00,1.3895,54.15272230363334,77.9794969064716,0.01678390851656987
EUR_USD,2011-10-22 21:00:00,1.38348,52.69629644270012,86.04525132095925,0.013427126813255898
EUR_USD,2011-10-23 21:00:00,1.38224,52.3960244164901,88.18241360057544,0.013179701450604705
EUR_USD,2011-10-24 21:00:00,1.38496,53.003696045802144,83.01766120275794,0.013305761160483784
EUR_USD,2011-10-25 21:00:00,1.37982,51.713234953846445,76.72770442413538,0.013164608928387016
EUR_USD,2011-10-26 21:00:00,1.38645,53.23257804880838,69.42008833211351,0.019513687142709617
EUR_USD,2011-10-27 21:00:00,1.41341,58.69916426051078,71.12028007914016,0.022332949714167723
EUR_USD,2011-10-28 21:00:00,1.41495,58.982477121825745,77.19168010039895,0.018174359771334154
EUR_USD,2011-10-29 21:00:00,1.412,58.19145034684385,84.86085469233747,0.014539487817067324
EUR_USD,2011-10-30 21:00:00,1.38286,51.17785019437969,66.19279208629762,0.01266359025365387
EUR_USD,2011-10-31 21:00:00,1.36086,46.77483229752696,28.28109172571314,0.010986872202923109
EUR_USD,2011-11-01 21:00:00,1.36372,47.383606302584234,-2.108365503527589,0.013195497762338488
EUR_USD,2011-11-02 21:00:00,1.36569,47.80896801460341,-15.280605554979138,0.01490839820987079
EUR_USD,2011-11-03 21:00:00,1.37112,48.984928362211406,-6.4093137254902794,0.016166718567896612
EUR_USD,2011-11-05 21:00:00,1.37436,49.68471424119623,0.11029411764696444,0.015485374854317311
EUR_USD,2011-11-06 22:00:00,1.36818,48.37535869043934,1.6360294117645389,0.014142299883453838
EUR_USD,2011-11-07 22:00:00,1.37249,49.33857592068027,2.4754901960783218,0.01461783990676309
EUR_USD,2011-11-08 22:00:00,1.35236,45.258595925678264,-11.004901960784432,0.014374271925410489
EUR_USD,2011-11-09 22:00:00,1.3484,44.50956552203877,-12.438882782584058,0.01408741754032838
EUR_USD,2011-11-10 22:00:00,1.35784,46.68549018913732,-12.051071013428784,0.017493934032262713
EUR_USD,2011-11-11 22:00:00,1.37516,50.37861323700789,8.859263461447531,0.01745914722581017
EUR_USD,2011-11-12 22:00:00,1.37507,50.35986110034608,21.467404150711435,0.015209317780648147
EUR_USD,2011-11-13 22:00:00,1.35922,47.16167462446164,22.119793882664425,0.013361454224518524
EUR_USD,2011-11-14 22:00:00,1.34968,45.367731429013624,10.074221150664274,0.011661163379614793
EUR_USD,2011-11-15 22:00:00,1.34293,44.13882479081851,-4.977770141160044,0.010532930703691818
EUR_USD,2011-11-16 22:00:00,1.34221,44.00728764643806,-9.194608398665734,0.010636344562953457
EUR_USD,2011-11-17 22:00:00,1.34472,44.60264965560162,-7.552825034709994,0.012345075650362806
EUR_USD,2011-11-19 22:00:00,1.35006,45.86937781169723,-0.36768133566426925,0.011442060520290247
EUR_USD,2011-11-20 22:00:00,1.34306,44.48983474343455,0.20553064275016494,0.009955648416232213
EUR_USD,2011-11-21 22:00:00,1.3469,45.42135352659446,1.596968664825291,0.010726518732985791
EUR_USD,2011-11-22 22:00:00,1.33202,42.55849231740483,-11.571655042440328,0.009823214986388643
EUR_USD,2011-11-23 22:00:00,1.33164,42.487745349743115,-11.93785021120153,0.0096865719891109
EUR_USD,2011-11-24 22:00:00,1.32123,40.5762052447598,-21.061587720683317,0.008463257591288735
EUR_USD,2011-11-25 22:00:00,1.32425,41.367858416952565,-9.882874327319017,0.007374606073030993
EUR_USD,2011-11-26 22:00:00,1.32385,41.292484359830766,-8.236783792339489,0.007965684858424785
EUR_USD,2011-11-27 22:00:00,1.32729,42.22894782680132,1.8482699333763721,0.00958054788673984
EUR_USD,2011-11-28 22:00:00,1.32862,42.59518457318832,4.411132602621984,0.011056438309391846
EUR_USD,2011-11-29 22:00:00,1.32584,42.0191934851896,5.564354670308549,0.013785150647513511
EUR_USD,2011-11-30 22:00:00,1.34176,46.31944429893781,14.095083346111643,0.01628612051801084
EUR_USD,2011-12-01 22:00:00,1.33632,45.13609592191434,18.758692628650902,0.01564889641440865
EUR_USD,2011-12-02 22:00:00,1.33939,45.94234496857517,26.611033843300977,0.013133117131526945
EUR_USD,2011-12-03 22:00:00,1.33769,45.558824262644734,24.298713557837814,0.011462493705221559
EUR_USD,2011-12-04 22:00:00,1.33754,45.52413596684975,28.415352054308787,0.011355994964177225
EUR_USD,2011-12-05 22:00:00,1.33336,44.54637850589636,27.854114824183213,0.010144795971341797
EUR_USD,2011-12-06 22:00:00,1.3351,45.054558214420815,29.776781199454607,0.010511836777073414
EUR_USD,2011-12-07 22:00:00,1.32892,43.58696230507838,22.935535428876005,0.01058146942165875
EUR_USD,2011-12-08 22:00:00,1.32822,43.421231699453536,18.90267717395949,0.01136517553732699
EUR_USD,2011-12-10 22:00:00,1.33632,45.88431722711235,21.501662779837492,0.01119614042986161
EUR_USD,2011-12-11 22:00:00,1.31634,41.2968150422325,9.418534221683876,0.009340912343889316
EUR_USD,2011-12-12 22:00:00,1.3009,38.240418394377045,-11.539430155385157,0.00894472987511146
EUR_USD,2011-12-13 22:00:00,1.29458,37.07841510513524,-30.04688528931908,0.00825578390008918
EUR_USD,2011-12-14 22:00:00,1.29578,37.45174036570967,-23.95076992369424,0.008684627120071337
EUR_USD,2011-12-15 22:00:00,1.29953,38.62887220395989,-6.679379425956491,0.009475701696057067
EUR_USD,2011-12-17 22:00:00,1.30162,39.2876293547522,1.1963696369636838,0.008650561356845648
EUR_USD,2011-12-18 22:00:00,1.29832,38.610674760059446,2.6933050447901743,0.007470449085476525
EUR_USD,2011-12-19 22:00:00,1.29944,38.9798261403658,2.6402640264025354,0.008944359268381257
EUR_USD,2011-12-20 22:00:00,1.30252,40.00612652178941,3.170674210278008,0.011235487414705002
EUR_USD,2011-12-21 22:00:00,1.30171,39.82390383770153,5.16855256954251,0.01086038993176401
EUR_USD,2011-12-22 22:00:00,1.30262,40.14077785842111,7.042668552569363,0.010270311945411226
EUR_USD,2011-12-24 22:00:00,1.30432,40.74379168289515,8.543445475594405,0.008598249556328997
EUR_USD,2011-12-25 22:00:00,1.30352,40.54495461932013,9.991649857695174,0.007668599645063222
EUR_USD,2011-12-26 22:00:00,1.30433,40.847317608530545,11.44011658717536,0.007092879716050593
EUR_USD,2011-12-27 22:00:00,1.29122,37.64211925375643,2.5005637441148996,0.006412303772840468
EUR_USD,2011-12-28 22:00:00,1.28584,36.42862698851215,-6.281379964299293,0.006183843018272352
EUR_USD,2011-12-29 22:00:00,1.2904,38.176157487903936,-12.66779088502389,0.007759074414617874
EUR_USD,2011-12-31 22:00:00,1.2913,38.52121332948648,-9.62274309468347,0.007351259531694289
EUR_USD,2012-01-01 22:00:00,1.29181,38.721702539224495,-6.000796680184017,0.007033007625355473
EUR_USD,2012-01-02 22:00:00,1.29324,39.29591518205426,-3.7875523813722993,0.008796406100284407
EUR_USD,2012-01-03 22:00:00,1.28976,38.39027894614047,-5.984101554910937,0.009841124880227554
EUR_USD,2012-01-04 22:00:00,1.27703,35.3107405348254,-25.083693672776857,0.00885689990418205
EUR_USD,2012-01-05 22:00:00,1.26974,33.70885760404124,-32.31327363310195,0.007929519923345618
EUR_USD,2012-01-06 22:00:00,1.27194,34.63460026709325,-28.210030747595738,0.0067836159386764905
EUR_USD,2012-01-07 22:00:00,1.26707,33.56134346401451,-10.268393274682063,0.005566892750941222
EUR_USD,2012-01-08 22:00:00,1.26665,33.46881456667272,-4.796293431109902,0.006751514200752979
EUR_USD,2012-01-09 22:00:00,1.27429,36.750252329571445,-1.6665275004687958,0.008431211360602382
EUR_USD,2012-01-10 22:00:00,1.26616,34.85765790132331,-1.0675684636299583,0.007682969088481923
EUR_USD,2012-01-11 22:00:00,1.26995,36.43628099633101,1.1680202726591895,0.00981837527078557
EUR_USD,2012-01-12 22:00:00,1.26242,34.70758546995323,-7.9126403729215795,0.01143070021662848
EUR_USD,2012-01-14 22:00:00,1.26318,35.0294277013425,-9.739410969247011,0.010282560173302778
EUR_USD,2012-01-15 22:00:00,1.26264,34.902969760216635,-10.922882382804032,0.009338048138642224
EUR_USD,2012-01-16 22:00:00,1.26494,35.922213144553865,-4.132847786243025,0.011112438510913791
EUR_USD,2012-01-17 22:00:00,1.27341,39.5291742179442,7.187323604165486,0.013263950808731044
EUR_USD,2012-01-18 22:00:00,1.28395,43.61498376681941,23.377074342323024,0.015355160646984828
EUR_USD,2012-01-19 22:00:00,1.28875,45.354430210956004,41.493226431504645,0.015214128517587874
EUR_USD,2012-01-20 22:00:00,1.2932,46.92472656616761,56.59975669099748,0.013061302814070268
EUR_USD,2012-01-21 22:00:00,1.28565,44.67168504162206,57.89233576642331,0.010449042251256216
EUR_USD,2012-01-22 22:00:00,1.28764,45.386667691993935,57.0483576642334,0.012277233801004973
EUR_USD,2012-01-23 22:00:00,1.29538,48.0859252069095,58.92686111223116,0.013545787040803996
EUR_USD,2012-01-24 22:00:00,1.29313,47.38168477360674,62.58152725838599,0.014172629632643203
EUR_USD,2012-01-25 22:00:00,1.30904,52.473257446700245,72.09222792767534,0.016390103706114576
EUR_USD,2012-01-26 22:00:00,1.3078,52.067045487281476,72.47223213003122,0.015988082964891674
EUR_USD,2012-01-28 22:00:00,1.32087,55.79810937046348,84.12648881083307,0.01589846637191332
EUR_USD,2012-01-29 22:00:00,1.3077,51.61046580737664,81.04586129753919,0.013112773097530662
EUR_USD,2012-01-30 22:00:00,1.30422,50.57297220078122,79.0436241610738,0.013218218478024506
EUR_USD,2012-01-31 22:00:00,1.30264,50.09994512485402,68.84787472035795,0.01408657478241961
EUR_USD,2012-02-01 22:00:00,1.30861,51.85995269547563,69.35682326621922,0.0146672598259357
EUR_USD,2012-02-02 22:00:00,1.30664,51.24298407363662,70.71029082774052,0.01413180786074855
EUR_USD,2012-02-04 22:00:00,1.30783,51.60277928187839,73.61297539149892,0.013197446288598846
EUR_USD,2012-02-05 22:00:00,1.30279,49.98663910487467,70.35794183445186,0.01181795703087907
EUR_USD,2012-02-06 22:00:00,1.30894,51.88868502310102,69.75709712257957,0.014298365624703283
EUR_USD,2012-02-07 22:00:00,1.32214,55.63494612241741,74.41836548168868,0.015422692499762615
EUR_USD,2012-02-08 22:00:00,1.32151,55.42187631402102,78.19752536471736,0.014346153999810058
EUR_USD,2012-02-09 22:00:00,1.31558,53.42940542199262,75.68127473494872,0.012994923199848045
EUR_USD,2012-02-10 22:00:00,1.31971,54.60521063445827,70.34777112976974,0.011221938559878429
EUR_USD,2012-02-11 22:00:00,1.31853,54.20074274499069,67.82647989155001,0.009295550847902739
EUR_USD,2012-02-12 22:00:00,1.31866,54.239372907157374,70.14610634131652,0.009410440678322201
EUR_USD,2012-02-13 22:00:00,1.30802,50.624054488381596,53.19367080942346,0.008120352542657775
EUR_USD,2012-02-14 22:00:00,1.3044,49.46365299208555,31.107527996933474,0.00870228203412624
EUR_USD,2012-02-15 22:00:00,1.29748,47.31876065675823,-3.9278335698313662,0.009265825627300987
EUR_USD,2012-02-16 22:00:00,1.31154,51.71920197120283,-4.479935928040001,0.011876660501840813
EUR_USD,2012-02-17 22:00:00,1.31396,52.42675071993621,4.143862392494094,0.010135328401472674
EUR_USD,2012-02-18 22:00:00,1.31396,52.42675071993621,25.618973156111622,0.009374262721178129
EUR_USD,2012-02-19 22:00:00,1.31736,53.45237783151359,33.203023195204885,0.010243410176942495
EUR_USD,2012-02-20 22:00:00,1.3187,53.85795421792441,39.379723742507444,0.010584728141553977
EUR_USD,2012-02-21 22:00:00,1.32114,54.60304665212063,48.735991660151406,0.01006578251324317
EUR_USD,2012-02-22 22:00:00,1.32314,55.21623979492804,52.36293492468553,0.011392626010594525
EUR_USD,2012-02-23 22:00:00,1.3357,58.82904406292728,59.66318466770661,0.014216100808475605
EUR_USD,2012-02-24 22:00:00,1.3449,61.200790205843475,71.07677231188836,0.013302880646780472
EUR_USD,2012-02-25 22:00:00,1.34335,60.592427293678426,82.56044391597335,0.010980304517424374
EUR_USD,2012-02-26 22:00:00,1.33669,58.028459703441435,83.34522393975443,0.009704243613939486
EUR_USD,2012-02-27 22:00:00,1.33895,58.64279132000127,78.62861672611994,0.009847394891151608
EUR_USD,2012-02-28 22:00:00,1.3315,55.85487255536475,69.23503765358711,0.009799915912921266
EUR_USD,2012-02-29 22:00:00,1.32824,54.6781770566455,62.53666270313141,0.008663932730337037
EUR_USD,2012-03-01 22:00:00,1.31872,51.406547880199234,46.500198176773715,0.007937146184269604
EUR_USD,2012-03-02 22:00:00,1.31983,51.75473605665161,37.24930638129225,0.006571716947415716
EUR_USD,2012-03-03 22:00:00,1.3182,51.1974572321177,29.290527150218082,0.00546337355793259
EUR_USD,2012-03-04 22:00:00,1.31607,50.462926231906735,27.1898533491877,0.00555669884634607
EUR_USD,2012-03-05 22:00:00,1.31036,48.53198287179954,19.68291716210874,0.005745359077076847
EUR_USD,2012-03-06 22:00:00,1.30968,48.30427464025312,9.134599865483324,0.005804287261661487
EUR_USD,2012-03-07 22:00:00,1.31355,49.693896645299404,3.7193414710168042,0.008531429809329215
EUR_USD,2012-03-08 22:00:00,1.30967,48.34603012813912,-0.6230529595014893,0.00967714384746336
EUR_USD,2012-03-10 22:00:00,1.31027,48.56918686634466,-0.0979083222072384,0.008281715077970719
EUR_USD,2012-03-11 21:00:00,1.30792,47.73364017521737,-4.44384561678563,0.007747372062376554
EUR_USD,2012-03-12 21:00:00,1.30524,46.78413211242421,-7.677923265679383,0.008443897649901258
EUR_USD,2012-03-13 21:00:00,1.30114,45.35627802148909,-12.833271077989396,0.007517118119921026
EUR_USD,2012-03-14 21:00:00,1.30044,45.11309941887048,-12.626567718691932,0.008177694495936833
EUR_USD,2012-03-15 21:00:00,1.30492,46.9946290359541,-6.7879358788092965,0.010194155596749455
EUR_USD,2012-03-16 21:00:00,1.31755,51.81219922959906,9.725368337072597,0.01068132447739955
EUR_USD,2012-03-17 21:00:00,1.3165,51.410345594223024,21.53099492609738,0.00861505958191961
EUR_USD,2012-03-18 21:00:00,1.31421,50.526203672489046,28.36237958673423,0.008708047665535682
EUR_USD,2012-03-19 21:00:00,1.31726,51.6713570908563,28.149128612397956,0.009164438132428513
EUR_USD,2012-03-20 21:00:00,1.31791,51.91672583708037,33.49860164653959,0.009583550505942777
EUR_USD,2012-03-21 21:00:00,1.3134,50.091303263057185,36.70943194472554,0.009174840404754242
EUR_USD,2012-03-22 21:00:00,1.31903,52.25902014337896,46.54812897190084,0.010531872323803433
EUR_USD,2012-03-23 21:00:00,1.32697,55.103939309113905,61.72506055199722,0.010013497859042758
EUR_USD,2012-03-24 21:00:00,1.32646,54.88661017858126,80.07398902921237,0.008090798287234198
EUR_USD,2012-03-25 21:00:00,1.31923,51.88556049106829,75.82451062649193,0.008532638629787355
EUR_USD,2012-03-26 21:00:00,1.33128,56.03060565125964,72.01228924653188,0.010690110903829885
EUR_USD,2012-03-27 21:00:00,1.32777,54.61287985917724,65.53809027305137,0.009766088723063913
EUR_USD,2012-03-28 21:00:00,1.32524,53.60157718955812,70.40392600981501,0.009166870978451164
EUR_USD,2012-03-29 21:00:00,1.32944,55.03160820694747,68.66742166855408,0.009821496782760933
EUR_USD,2012-03-30 21:00:00,1.33424,56.61256998096205,74.77349943374871,0.008817197426208774
EUR_USD,2012-03-31 21:00:00,1.33444,56.678219617291994,83.45602114005312,0.007745757940966979
EUR_USD,2012-04-01 21:00:00,1.32784,53.89435035134315,81.94601736504363,0.00691460635277358
EUR_USD,2012-04-02 21:00:00,1.32137,51.33724401160039,69.79992449981125,0.007311685082218891
EUR_USD,2012-04-03 21:00:00,1.31072,47.49960492292624,43.27341511159406,0.00635734806577511
EUR_USD,2012-04-04 21:00:00,1.30351,45.13657565789385,5.394149963554173,0.006227878452620065
EUR_USD,2012-04-05 21:00:00,1.30515,45.771379432174406,-13.194726963467616,0.006532302762096081
EUR_USD,2012-04-06 21:00:00,1.30937,47.39170641477023,-13.194730378716079,0.006069842209676843
EUR_USD,2012-04-07 21:00:00,1.3094,47.40326394297328,4.41804730644996,0.00505787376774151
EUR_USD,2012-04-08 21:00:00,1.30337,45.33245833674834,2.5633010315722724,0.004842299014193227
EUR_USD,2012-04-09 21:00:00,1.30543,46.16360981795772,-1.542148588100373,0.006091839211354591
EUR_USD,2012-04-10 21:00:00,1.30666,46.66448359018994,-4.397207460664682,0.0069274713690836735
EUR_USD,2012-04-11 21:00:00,1.31025,48.12178693363506,2.771699489423893,0.008463977095266941
EUR_USD,2012-04-12 21:00:00,1.30694,46.89954031376704,4.345107846201951,0.00874118167621358
EUR_USD,2012-04-13 21:00:00,1.30774,47.23462254470103,5.470459518599545,0.007212945340970885
EUR_USD,2012-04-14 21:00:00,1.30618,46.64090760312499,1.2295509013232888,0.0060123562727767395
EUR_USD,2012-04-15 21:00:00,1.29952,44.18792737001441,-6.62324336804356,0.006529885018221425
EUR_USD,2012-04-16 21:00:00,1.30907,48.22700969013452,-5.194177597404129,0.00877590801457714
EUR_USD,2012-04-17 21:00:00,1.30581,47.025235107022155,-5.592627899586837,0.008030726411661714
EUR_USD,2012-04-18 21:00:00,1.307,47.51907568680351,2.3302616248278487,0.008582581129329386
EUR_USD,2012-04-19 21:00:00,1.31289,49.90997125506882,6.376443173392537,0.010024064903463505
EUR_USD,2012-04-20 21:00:00,1.32117,53.02232498108369,22.645906154008983,0.009825251922770823
EUR_USD,2012-04-21 21:00:00,1.31802,51.75669237016945,34.83724282838071,0.008010201538216665
EUR_USD,2012-04-22 21:00:00,1.31048,48.86827500441821,35.663664588641296,0.007008161230573356
EUR_USD,2012-04-23 21:00:00,1.31452,50.402491233192734,36.53693512512423,0.007874528984458666
EUR_USD,2012-04-24 21:00:00,1.31737,51.46525234760642,44.964000972675855,0.00812562318756695
EUR_USD,2012-04-25 21:00:00,1.31987,52.39098042516469,59.90354865838532,0.008282498550053556
EUR_USD,2012-04-26 21:00:00,1.31576,50.744910716517545,58.49887758442994,0.008055998840042843
EUR_USD,2012-04-27 21:00:00,1.32551,54.27082020642574,68.28164468756532,0.00839479907203426
EUR_USD,2012-04-28 21:00:00,1.32288,53.20797223747802,72.38281887963389,0.0067158392576274085
EUR_USD,2012-04-29 21:00:00,1.32083,52.38079567157097,80.66307365670379,0.006130671406101919
EUR_USD,2012-04-30 21:00:00,1.32045,52.22510813235026,70.98709347669931,0.006414537124881525
EUR_USD,2012-05-01 21:00:00,1.31223,48.96818683263223,53.020265689485306,0.005869629699905259
EUR_USD,2012-05-02 21:00:00,1.30958,47.97048822006459,34.34389833103642,0.005859703759924195
EUR_USD,2012-05-03 21:00:00,1.30805,47.393754593327955,15.357525646914459,0.006337763007939375
EUR_USD,2012-05-05 21:00:00,1.30088,44.78357223588188,-2.021129995406858,0.0051342104063515194
EUR_USD,2012-05-06 21:00:00,1.29555,42.96393387390644,-13.932004578786684,0.005239368325081215
EUR_USD,2012-05-07 21:00:00,1.29828,44.16598761572823,-20.11604807896489,0.006385494660064957
EUR_USD,2012-05-08 21:00:00,1.29116,41.78977676112852,-22.669600340488895,0.005606395728051942
EUR_USD,2012-05-09 21:00:00,1.29244,42.36644452458041,-15.805185690057016,0.005839116582441542
EUR_USD,2012-05-10 21:00:00,1.29054,41.73161302290166,-14.113500685547864,0.005335293265953232
EUR_USD,2012-05-11 21:00:00,1.29169,42.27321633007389,-2.7864068530545576,0.004498234612762582
EUR_USD,2012-05-12 21:00:00,1.29008,41.711706246650444,-3.750194960784288,0.003960587690210084
EUR_USD,2012-05-13 21:00:00,1.28215,39.067596202820596,-8.501392128604763,0.0032404701521680955
EUR_USD,2012-05-14 21:00:00,1.2722,36.0974916001553,-15.825172704664908,0.003546376121734509
EUR_USD,2012-05-15 21:00:00,1.26815,34.97778919815211,-17.23592672684074,0.0035751008973876016
EUR_USD,2012-05-16 21:00:00,1.2667,34.58051236034446,-13.07383989094224,0.004218080717910052
EUR_USD,2012-05-17 21:00:00,1.26427,33.9127447370563,-8.890526971478772,0.0059244645743280495
EUR_USD,2012-05-18 21:00:00,1.27715,40.24029002391466,-1.8297771894942336,0.007515571659462419
EUR_USD,2012-05-19 21:00:00,1.2744,39.40693455980577,3.6695681856972606,0.006376457327569922
EUR_USD,2012-05-20 21:00:00,1.27255,38.847061399271325,8.380269670592337,0.006707165862055935
EUR_USD,2012-05-21 21:00:00,1.26584,36.88101437200493,1.770409697920684,0.007253732689644727
EUR_USD,2012-05-22 21:00:00,1.25456,33.89759407010423,-10.144044562633757,0.0064069861517157866
EUR_USD,2012-05-23 21:00:00,1.25161,33.171630912323224,-15.460288805849048,0.006613588921372652
EUR_USD,2012-05-24 21:00:00,1.24964,32.68801374895099,-15.233726301501152,0.007024871137098158
EUR_USD,2012-05-25 21:00:00,1.25194,33.852760406431585,-5.9420176744450375,0.00607989690967852
EUR_USD,2012-05-26 21:00:00,1.25194,33.852760406431585,-2.196007259528147,0.006095917527742805
EUR_USD,2012-05-27 21:00:00,1.25251,34.154933534605675,0.3891050583657316,0.006976734022194235
EUR_USD,2012-05-28 21:00:00,1.2461,32.431413170919726,-3.8436991744385516,0.006571387217755391
EUR_USD,2012-05-29 21:00:00,1.23619,30.009489437957342,-14.15139148213086,0.0061431097742042995
EUR_USD,2012-05-30 21:00:00,1.23366,29.429070913402043,-16.293648108951615,0.006250487819363444
EUR_USD,2012-05-31 21:00:00,1.22886,28.352797655101497,-16.568512767377893,0.00744439025549078
EUR_USD,2012-06-02 21:00:00,1.23939,33.84351177644565,-4.510016203313467,0.008875512204392613
EUR_USD,2012-06-03 21:00:00,1.23862,33.648446385214186,-1.3933486168547662,0.009416409763514075
EUR_USD,2012-06-04 21:00:00,1.24104,34.86895471458868,6.369897630672451,0.010659127810811268
EUR_USD,2012-06-05 21:00:00,1.2441,36.39927052617181,10.098346335567614,0.012029302248649043
EUR_USD,2012-06-06 21:00:00,1.25404,41.05341521205055,21.437395538114767,0.013311441798919237
EUR_USD,2012-06-07 21:00:00,1.24356,38.01898950979197,23.268657801031768,0.011337153439135366
EUR_USD,2012-06-08 21:00:00,1.25091,41.17362108455588,28.217426059152547,0.010699722751308314
EUR_USD,2012-06-09 21:00:00,1.25121,41.29977099933836,26.160889470241774,0.011805778201046646
EUR_USD,2012-06-10 21:00:00,1.24808,40.365502831438604,29.526614235795893,0.01256862256083731
EUR_USD,2012-06-11 21:00:00,1.24428,39.25036106923635,27.06556928059767,0.011026898048669822
EUR_USD,2012-06-12 21:00:00,1.24738,40.63442373998958,28.213741651791594,0.01217551843893585
EUR_USD,2012-06-13 21:00:00,1.25424,43.577168596509175,39.033032510102096,0.013008414751148684
EUR_USD,2012-06-14 21:00:00,1.25924,45.61002149846226,55.78809679529087,0.012850731800918927
EUR_USD,2012-06-16 21:00:00,1.26383,47.409410473339776,68.3965803562152,0.013194585440735183
EUR_USD,2012-06-17 21:00:00,1.25572,44.70605039058774,65.83937223867116,0.012743668352588137
EUR_USD,2012-06-18 21:00:00,1.2569,45.17658313472584,58.86137775053296,0.013662934682070537
EUR_USD,2012-06-19 21:00:00,1.26379,47.85680266819348,58.21338218616398,0.01441434774565643
EUR_USD,2012-06-20 21:00:00,1.25315,44.389955911740365,55.97138619907511,0.012927478196525143
EUR_USD,2012-06-21 21:00:00,1.25196,44.02099579923122,51.66186862077976,0.011379982557220121
EUR_USD,2012-06-22 21:00:00,1.25698,45.980408908595486,43.29800160827904,0.010107986045776103
EUR_USD,2012-06-23 21:00:00,1.2543,45.10841639732294,41.51319716675753,0.008244388836620896
EUR_USD,2012-06-24 21:00:00,1.24715,42.864865649452895,30.19237954625176,0.006917511069296739
EUR_USD,2012-06-25 21:00:00,1.24417,41.96495669123726,13.546894961872555,0.006714008855437394
EUR_USD,2012-06-26 21:00:00,1.24456,42.129441721852054,-3.821963437580529,0.006705207084349906
EUR_USD,2012-06-27 21:00:00,1.24076,40.95931997402182,-13.177382722830664,0.006940165667479903
EUR_USD,2012-06-28 21:00:00,1.24329,42.067543768680885,-13.106930651655809,0.011260132533983926
EUR_USD,2012-06-30 21:00:00,1.26584,50.614724417583304,15.115747717540186,0.01392610602718712
EUR_USD,2012-07-01 21:00:00,1.25684,47.70858341193502,36.03070175438611,0.011592884821749682
EUR_USD,2012-07-02 21:00:00,1.25594,47.42688289466278,49.90131578947389,0.010452307857399736
EUR_USD,2012-07-03 21:00:00,1.25084,45.840205613099535,33.45394736842111,0.009331846285919793
EUR_USD,2012-07-04 21:00:00,1.23642,41.75434079070367,11.063596491228244,0.008071477028735853
EUR_USD,2012-07-05 21:00:00,1.22605,39.15781500195976,-13.869041464170971,0.007203181622988684
EUR_USD,2012-07-06 21:00:00,1.22865,40.12356516671452,-20.963339709784982,0.006282545298390936
EUR_USD,2012-07-07 21:00:00,1.22304,38.75062542944252,-13.406466493036524,0.005800036238712757
EUR_USD,2012-07-08 21:00:00,1.22561,39.72800010265583,-0.6017607774010496,0.006518028990970207
EUR_USD,2012-07-09 21:00:00,1.22356,39.21168019660455,-1.422646257148056,0.006768423192776133
EUR_USD,2012-07-10 21:00:00,1.22129,38.63648529087904,-2.791949616986455,0.0066407385542209
EUR_USD,2012-07-11 21:00:00,1.2167,37.48626291713572,-8.71347539934719,0.006028590843376704
EUR_USD,2012-07-12 21:00:00,1.21626,37.37592129782745,-10.662993568092459,0.006622872674701387
EUR_USD,2012-07-13 21:00:00,1.22493,40.92072384979601,-5.00228941907695,0.0070322981397611456
EUR_USD,2012-07-14 21:00:00,1.22493,40.920723849796005,3.49193383704328,0.006105838511808908
EUR_USD,2012-07-15 21:00:00,1.21758,38.92196581738343,4.390443128446319,0.005700670809447099
EUR_USD,2012-07-16 21:00:00,1.21893,39.48360788455492,0.3063099857058771,0.007384536647557663
EUR_USD,2012-07-17 21:00:00,1.22171,40.64627881696592,-1.885508134231492,0.008249629318046108
EUR_USD,2012-07-18 21:00:00,1.22293,41.15949280619034,1.7561772513787088,0.008745703454436867
EUR_USD,2012-07-19 21:00:00,1.21442,38.74220765411016,-1.4147854995800682,0.008068562763549501
EUR_USD,2012-07-21 21:00:00,1.21062,37.71892762041138,-5.550831387742449,0.006700850210839569
EUR_USD,2012-07-22 21:00:00,1.20677,36.70288772623457,-10.880748998541947,0.006134680168671664
EUR_USD,2012-07-23 21:00:00,1.20424,36.04287262968861,-11.83799839811652,0.006317744134937332
EUR_USD,2012-07-24 21:00:00,1.20534,36.556016913644235,-9.122072363553677,0.0076241953079498725
EUR_USD,2012-07-25 21:00:00,1.21175,39.48297637679638,0.02617457824043153,0.011619356246359867
EUR_USD,2012-07-26 21:00:00,1.22415,44.597902730155326,23.43815537760848,0.014741484997087868
EUR_USD,2012-07-28 21:00:00,1.22942,46.582875341314164,47.581038922995724,0.01378518799767029
EUR_USD,2012-07-29 21:00:00,1.22255,44.43587823096425,58.70510875063246,0.011352150398136224
EUR_USD,2012-07-30 21:00:00,1.22489,45.32382246233629,59.45371775417314,0.011173720318508962
EUR_USD,2012-07-31 21:00:00,1.22183,44.36473556280143,51.77541729893795,0.01068497625480715
EUR_USD,2012-08-01 21:00:00,1.21338,41.835798446439746,42.16467638714793,0.012287981003845708
EUR_USD,2012-08-02 21:00:00,1.21665,43.133488631330096,33.34613269996269,0.015010384803076576
EUR_USD,2012-08-03 21:00:00,1.23863,50.77081100394804,48.859903381642546,0.01640430784246124
EUR_USD,2012-08-04 21:00:00,1.23774,50.48679168277425,72.39613526570069,0.013383446273969007
EUR_USD,2012-08-05 21:00:00,1.2342,49.350827250710225,86.64583735279331,0.012026757019175195
EUR_USD,2012-08-06 21:00:00,1.23759,50.4551727654676,82.60844597278505,0.011623405615340171
EUR_USD,2012-08-07 21:00:00,1.23268,48.858991659279,75.15879230836158,0.00983072449227216
EUR_USD,2012-08-08 21:00:00,1.2267,46.9861988664151,68.63308100582957,0.009076579593817719
EUR_USD,2012-08-09 21:00:00,1.22414,46.201925719584025,56.93030540328895,0.00825326367505419
EUR_USD,2012-08-11 21:00:00,1.22776,47.48419408897901,52.64943878882795,0.007638610940043345
EUR_USD,2012-08-12 21:00:00,1.2261,46.953308213984485,52.12738188462546,0.008030888752034686
EUR_USD,2012-08-13 21:00:00,1.23174,48.959006000499215,58.74010267119122,0.008916711001627777
EUR_USD,2012-08-14 21:00:00,1.22643,47.220112895055045,57.58287653354217,0.007659368801302204
EUR_USD,2012-08-15 21:00:00,1.22562,46.95693236000863,51.61231436669711,0.008301495041041796
EUR_USD,2012-08-16 21:00:00,1.22892,48.174306424676004,43.039211369393996,0.009165196032833452
EUR_USD,2012-08-17 21:00:00,1.23336,49.77857376275866,44.71154952654513,0.008220156826266763
EUR_USD,2012-08-18 21:00:00,1.23334,49.77139446923308,52.61624223995971,0.007056125461013402
EUR_USD,2012-08-19 21:00:00,1.22954,48.399388524162866,53.401748384644954,0.006358900368810693
EUR_USD,2012-08-20 21:00:00,1.23427,50.168207917651,51.595268954614454,0.008931120295048557
EUR_USD,2012-08-21 21:00:00,1.24314,53.27534545810258,55.56516913332362,0.011060896236038831
EUR_USD,2012-08-22 21:00:00,1.25239,56.22023346472005,68.9516956099297,0.01201671698883108
EUR_USD,2012-08-23 21:00:00,1.24817,54.59625773459038,72.69404991880772,0.01052937359106487
EUR_USD,2012-08-25 21:00:00,1.25087,55.44803938643725,73.67639044608121,0.009101498872851898
EUR_USD,2012-08-26 21:00:00,1.24902,54.720398484669275,68.00708984158628,0.00782519909828153
EUR_USD,2012-08-27 21:00:00,1.24654,53.74237126223808,66.20139581256221,0.007994159278625216
EUR_USD,2012-08-28 21:00:00,1.25189,55.51666055944306,67.3313393153871,0.008561327422900196
EUR_USD,2012-08-29 21:00:00,1.24875,54.25318902801359,67.03223662346288,0.007745061938320166
EUR_USD,2012-08-30 21:00:00,1.2494,54.47505897700992,67.08593907281757,0.009198049550656126
EUR_USD,2012-09-01 21:00:00,1.25581,56.62131709161877,67.34049834055826,0.0089984396405249
EUR_USD,2012-09-02 21:00:00,1.256,56.68393526296777,71.22952191731002,0.008262751712419919
EUR_USD,2012-09-03 21:00:00,1.25552,56.47089602932805,77.05262231281804,0.007972201369935933
EUR_USD,2012-09-04 21:00:00,1.25018,54.12959295419469,71.62589928057565,0.007761761095948754
EUR_USD,2012-09-05 21:00:00,1.25617,56.235150975989605,70.78001001688283,0.009205408876759002
EUR_USD,2012-09-06 21:00:00,1.26266,58.376626086772056,65.53815868604164,0.01247832710140722
EUR_USD,2012-09-08 21:00:00,1.28076,63.52572671437391,77.88932744099198,0.013772661681125783
EUR_USD,2012-09-09 21:00:00,1.2756,61.28970501658085,81.94846355243186,0.011106129344900626
EUR_USD,2012-09-10 21:00:00,1.27553,61.259444870258164,87.74546003859639,0.011188903475920497
EUR_USD,2012-09-11 21:00:00,1.28154,62.88690498879401,81.57699240838794,0.012581122780736375
EUR_USD,2012-09-12 21:00:00,1.28575,63.9833300456585,76.71419323723619,0.013796898224589123
EUR_USD,2012-09-13 21:00:00,1.29804,66.93341278381897,74.69138925866552,0.01726351857967132
EUR_USD,2012-09-15 21:00:00,1.31127,69.69743336947835,78.74443876636785,0.01683281486373705
EUR_USD,2012-09-16 21:00:00,1.30836,68.39653784466945,83.46118189379054,0.014652251890989638
EUR_USD,2012-09-17 21:00:00,1.30294,66.02218593194951,85.77316202220969,0.012485801512791697
EUR_USD,2012-09-18 21:00:00,1.29932,64.47572224804202,79.71186692410522,0.011104641210233341
EUR_USD,2012-09-19 21:00:00,1.29193,61.43668031852074,71.4330728065842,0.010201712968186649
EUR_USD,2012-09-20 21:00:00,1.29556,62.3387105743163,67.65548849643179,0.010731370374549326
EUR_USD,2012-09-21 21:00:00,1.29799,62.93903541749657,66.88701923076934,0.009071096299639448
EUR_USD,2012-09-22 21:00:00,1.29656,62.334154029620784,68.18163354630295,0.007342877039711545
EUR_USD,2012-09-23 21:00:00,1.28912,59.26842557831962,63.56322692265359,0.0063743016317692695
EUR_USD,2012-09-24 21:00:00,1.28862,59.0664639273279,57.452664024658866,0.006691441305415409
EUR_USD,2012-09-25 21:00:00,1.28353,57.02027439170293,50.28071334214022,0.005889153044332286
EUR_USD,2012-09-26 21:00:00,1.28288,56.76051572225361,45.70143343967701,0.006577322435465797
EUR_USD,2012-09-27 21:00:00,1.28387,57.068664353555576,40.88114960220694,0.007879857948372648
EUR_USD,2012-09-29 21:00:00,1.28412,57.14844075418566,32.72770661574047,0.006699886358698093
EUR_USD,2012-09-30 21:00:00,1.2804,55.55922662515451,23.075737080344368,0.007313909086958486
EUR_USD,2012-10-01 21:00:00,1.28804,58.03838301002348,20.10325911584403,0.009131127269566783
EUR_USD,2012-10-02 21:00:00,1.28775,57.911525781725686,16.528292209929145,0.008438901815653394
EUR_USD,2012-10-03 21:00:00,1.29019,58.69729230658134,18.461486124357588,0.009833121452522745
EUR_USD,2012-10-04 21:00:00,1.2994,61.50364958588803,23.695026715988785,0.011258497162018214
EUR_USD,2012-10-06 21:00:00,1.30185,62.21024086277268,38.18331278257324,0.00990479772961455
EUR_USD,2012-10-07 21:00:00,1.29377,58.544169651282346,41.86189889025937,0.008073838183691645
EUR_USD,2012-10-08 21:00:00,1.28588,55.25490548746495,28.180278884760984,0.007521070546953302
EUR_USD,2012-10-09 21:00:00,1.28355,54.322516452360325,8.922123277448012,0.0071108564375626584
EUR_USD,2012-10-10 21:00:00,1.28254,53.914553207612414,-3.6410411688370345,0.008016685150050147
EUR_USD,2012-10-11 21:00:00,1.29226,57.12051859588226,6.163121212622786,0.009741348120040115
EUR_USD,2012-10-13 21:00:00,1.29441,57.792382511918234,22.22718475509937,0.0085670784960321
EUR_USD,2012-10-14 21:00:00,1.28913,55.57995670196652,32.03811225249412,0.0075476627968256525
EUR_USD,2012-10-15 21:00:00,1.29429,57.235059693145075,35.060294774453276,0.009428130237460482
EUR_USD,2012-10-16 21:00:00,1.30531,60.487682470786496,44.168744961150054,0.01147250418996842
EUR_USD,2012-10-17 21:00:00,1.30557,60.56089541723402,61.43485430714322,0.010688003351974725
EUR_USD,2012-10-18 21:00:00,1.30133,58.72522037730721,66.17546264564753,0.008978402681579787
EUR_USD,2012-10-20 21:00:00,1.30166,58.82570532792532,62.00594014164947,0.0074627221452638
EUR_USD,2012-10-21 21:00:00,1.30159,58.79429598785664,57.45944710989274,0.007306177716211044
EUR_USD,2012-10-22 21:00:00,1.29521,55.976291461789685,50.468357322366934,0.007040942172968811
EUR_USD,2012-10-23 21:00:00,1.29203,54.62627890581525,36.99874033488308,0.006526753738375044
EUR_USD,2012-10-24 21:00:00,1.29273,54.87410877892297,24.487600848906187,0.007285402990700013
EUR_USD,2012-10-25 21:00:00,1.28828,52.971384713935954,13.679718875502102,0.006406322392560023
EUR_USD,2012-10-26 21:00:00,1.29371,54.94348503345258,15.788152610441728,0.006211057914047983
EUR_USD,2012-10-27 21:00:00,1.29408,55.07627575049745,17.48242971887541,0.00562684633123839
EUR_USD,2012-10-28 21:00:00,1.28852,52.66350423411546,17.783634538152537,0.004625477064990725
EUR_USD,2012-10-29 21:00:00,1.2886,52.694350535186345,11.37048192771087,0.005666381651992537
EUR_USD,2012-10-30 21:00:00,1.29466,54.99259818717052,12.098393574297242,0.007223105321594023
EUR_USD,2012-10-31 21:00:00,1.29249,54.02040622099075,17.080823293172475,0.006500484257275242
EUR_USD,2012-11-01 21:00:00,1.28213,49.682551905896645,3.8199920378493837,0.005718387405820213
EUR_USD,2012-11-02 21:00:00,1.28375,50.327774036784724,-5.316554146889466,0.004898709924656161
EUR_USD,2012-11-03 21:00:00,1.28168,49.48893744893571,-11.76073375081544,0.004326967939724937
EUR_USD,2012-11-04 22:00:00,1.27674,47.53304426734285,-5.171165580721752,0.003969574351779947
EUR_USD,2012-11-05 22:00:00,1.27637,47.387932445054865,-8.253456944490239,0.004361659481423957
EUR_USD,2012-11-06 22:00:00,1.27366,46.316574916135096,-14.116555839127578,0.00574732758513917
EUR_USD,2012-11-07 22:00:00,1.27173,45.55775236360861,-14.731275248900596,0.0054878620681113495
EUR_USD,2012-11-08 22:00:00,1.26902,44.498774020895034,-17.21938063985658,0.005848289654489083
EUR_USD,2012-11-09 22:00:00,1.27135,45.62299062260559,-11.325254751734937,0.005144631723591256
EUR_USD,2012-11-10 22:00:00,1.27016,45.13990693317494,-5.8398659005072515,0.004349705378873028
EUR_USD,2012-11-11 22:00:00,1.26978,44.982565631561684,-0.9802457737748496,0.00423176430309842
EUR_USD,2012-11-12 22:00:00,1.26617,43.49270594167046,-5.464410088606989,0.003997411442478749
EUR_USD,2012-11-13 22:00:00,1.27006,45.504696236952356,-5.563672506246117,0.005555929153982993
EUR_USD,2012-11-14 22:00:00,1.27174,46.35801084780082,-3.4517159372510355,0.006474743323186415
EUR_USD,2012-11-15 22:00:00,1.26906,45.19027697933287,-0.38980193847448685,0.006531794658549108
EUR_USD,2012-11-17 22:00:00,1.27404,47.72166453358972,3.803202697008139,0.0064734357268392915
EUR_USD,2012-11-18 22:00:00,1.27402,47.71250955774349,6.205225453013033,0.0067707485814714275
EUR_USD,2012-11-19 22:00:00,1.2765,48.96832659607005,14.043404972608394,0.007210598865177172
EUR_USD,2012-11-20 22:00:00,1.27366,47.61360651789884,14.107621969942237,0.007140479092141756
EUR_USD,2012-11-21 22:00:00,1.28248,51.88968806751389,26.61302621794182,0.008960383273713412
EUR_USD,2012-11-22 22:00:00,1.28686,53.825907734154306,39.29613335481752,0.010496306618970727
EUR_USD,2012-11-23 22:00:00,1.29755,58.084961968546416,66.91815065799922,0.0105350452951766
EUR_USD,2012-11-24 22:00:00,1.29605,57.31753140345854,80.37849761987653,0.008722036236141296
EUR_USD,2012-11-25 22:00:00,1.29443,56.483761894688556,89.16753744339918,0.007459628988913043
EUR_USD,2012-11-26 22:00:00,1.29157,55.02202445031497,80.77513342491453,0.007265703191130456
EUR_USD,2012-11-27 22:00:00,1.28803,53.25726662153312,70.25669847356339,0.006592562552904324
EUR_USD,2012-11-28 22:00:00,1.2939,55.694857336862576,67.61040180672387,0.007954050042323475
EUR_USD,2012-11-29 22:00:00,1.29683,56.85661012513793,71.71537933877342,0.008135240033858755
EUR_USD,2012-12-02 22:00:00,1.29851,57.517358367160654,77.65761634522651,0.008660192027087024
EUR_USD,2012-12-03 22:00:00,1.30458,59.81753402200319,80.5740568728499,0.009398153621669592
EUR_USD,2012-12-04 22:00:00,1.30603,60.34807186450791,81.44024339464184,0.009138522897335674
EUR_USD,2012-12-05 22:00:00,1.29504,54.68678548622512,75.67024589018992,0.007838818317868534
EUR_USD,2012-12-06 22:00:00,1.28763,51.32823538108186,59.511685207999086,0.006737054654294817
EUR_USD,2012-12-07 22:00:00,1.29269,53.351991205420205,47.33982501386614,0.006401643723435823
EUR_USD,2012-12-09 22:00:00,1.28857,51.546681620841134,40.24499825174854,0.006253314978748658
EUR_USD,2012-12-10 22:00:00,1.29289,53.26213802036505,44.09942829271859,0.007588651982998948
EUR_USD,2012-12-11 22:00:00,1.29958,55.77073835585244,47.59990933045858,0.009450921586399142
EUR_USD,2012-12-12 22:00:00,1.30412,57.37679810284041,59.38911803125141,0.009656737269119323
EUR_USD,2012-12-13 22:00:00,1.30666,58.254135392890674,66.5001449268198,0.010373389815295488
EUR_USD,2012-12-15 22:00:00,1.31648,61.429386609770965,79.0936526866759,0.01049471185223639
EUR_USD,2012-12-16 22:00:00,1.31441,60.42713049000291,83.40887214276545,0.008857769481789074
EUR_USD,2012-12-17 22:00:00,1.31558,60.80108208467214,85.87429547333998,0.008972215585431225
EUR_USD,2012-12-18 22:00:00,1.32232,62.89084128963912,80.4338723487061,0.010221772468344981
EUR_USD,2012-12-19 22:00:00,1.31888,61.16906850714336,75.8292636925788,0.009621417974675986
EUR_USD,2012-12-20 22:00:00,1.31588,59.69468598178493,71.83413078149921,0.008977134379740782
EUR_USD,2012-12-22 22:00:00,1.3168,60.00054564384668,67.43221690590117,0.007633707503792656
EUR_USD,2012-12-23 22:00:00,1.31715,60.119648546571824,66.05263157894741,0.007416966003034136
EUR_USD,2012-12-25 22:00:00,1.31876,60.676831564140144,68.34928229665076,0.007591572802427291
EUR_USD,2012-12-26 22:00:00,1.32018,61.17179366692488,71.04465709728866,0.007997258241941824
EUR_USD,2012-12-27 22:00:00,1.31659,59.222229393075914,70.5980861244018,0.00749380659355349
EUR_USD,2012-12-29 22:00:00,1.32056,60.65665152464003,72.03349282296642,0.006993045274842802
EUR_USD,2012-12-30 22:00:00,1.31726,58.87576299321756,69.70494417862845,0.0061744362198742665
EUR_USD,2013-01-01 22:00:00,1.31564,58.01081184403815,68.9473684210527,0.007475548975899374
EUR_USD,2013-01-02 22:00:00,1.30468,52.602291228155906,56.2838915470496,0.006664439180719494
EUR_USD,2013-01-03 22:00:00,1.29976,50.41933771055626,38.89646728941927,0.006187551344575564
EUR_USD,2013-01-04 22:00:00,1.30688,53.31944450008014,24.67983185241204,0.006374041075660455
EUR_USD,2013-01-05 22:00:00,1.3075,53.564119896272366,15.475664152701597,0.005463232860528351
EUR_USD,2013-01-06 22:00:00,1.30166,50.96132805710495,6.099309455809254,0.005262586288422662
EUR_USD,2013-01-07 22:00:00,1.30562,52.57774451788107,-0.051559680329748225,0.006678069030738134
EUR_USD,2013-01-08 22:00:00,1.30368,51.713868550596835,-4.9755091518432275,0.006140455224590496
EUR_USD,2013-01-09 22:00:00,1.30389,51.802546237734795,-2.1010569734467914,0.009640364179672418
EUR_USD,2013-01-10 22:00:00,1.32485,59.4850457055711,17.984736315228695,0.014254291343737938
EUR_USD,2013-01-11 22:00:00,1.33427,62.28034932482624,50.489051547792116,0.013287433074990349
EUR_USD,2013-01-12 22:00:00,1.33535,62.586501999375706,83.85975994946322,0.01108794645999226
EUR_USD,2013-01-13 22:00:00,1.33308,61.5011294196727,89.34979276071668,0.00988035716799381
EUR_USD,2013-01-14 22:00:00,1.32636,58.39960809365881,78.60497124873383,0.009164285734395042
EUR_USD,2013-01-15 22:00:00,1.32566,58.083962348572236,66.06504982139502,0.00855942858751604
EUR_USD,2013-01-16 22:00:00,1.32702,58.53440759309336,60.36849031772897,0.00946354287001283
EUR_USD,2013-01-17 22:00:00,1.32804,58.87727655598581,61.94773453656722,0.010134834296010229
EUR_USD,2013-01-18 22:00:00,1.33202,60.205495167988296,67.92630193645432,0.008903867436808157
EUR_USD,2013-01-19 22:00:00,1.33042,59.40752017043859,71.12239142695991,0.00736109394944653
EUR_USD,2013-01-20 22:00:00,1.33,59.19446757234393,72.96484301560436,0.006448875159557252
EUR_USD,2013-01-21 22:00:00,1.3267,57.517842696173446,67.96390298928364,0.006597100127645808
EUR_USD,2013-01-22 22:00:00,1.32644,57.385366268134476,64.22259823275057,0.007023680102116628
EUR_USD,2013-01-23 22:00:00,1.32863,58.223781520621486,62.44606474422975,0.008188944081693308
EUR_USD,2013-01-24 22:00:00,1.33499,60.55523138487358,64.93387567583837,0.010409155265354653
EUR_USD,2013-01-26 22:00:00,1.34486,63.79866377842651,75.5976267198839,0.010705324212283759
EUR_USD,2013-01-27 22:00:00,1.34246,62.505799029534046,82.7627772420442,0.009138259369827036
EUR_USD,2013-01-28 22:00:00,1.34146,61.964550375666086,86.79165099572144,0.008762607495861639
EUR_USD,2013-01-29 22:00:00,1.34821,64.13323196053915,82.52412429724735,0.0104720859966893
EUR_USD,2013-01-30 22:00:00,1.35412,65.89455078309457,81.41296742246438,0.010625668797351467
EUR_USD,2013-01-31 22:00:00,1.35734,66.81310336548967,76.90061140461165,0.011896535037881174
EUR_USD,2013-02-01 22:00:00,1.36404,68.63160911005612,78.04789102252802,0.010857228030304925
EUR_USD,2013-02-02 22:00:00,1.3632,68.1472980177378,77.30361940888245,0.009001782424243968
EUR_USD,2013-02-03 22:00:00,1.35055,61.397575031658114,71.93772720088491,0.007761425939395202
EUR_USD,2013-02-04 22:00:00,1.34584,59.141351164224105,57.5549233443968,0.008051140751516195
EUR_USD,2013-02-05 22:00:00,1.34937,60.27320806104074,46.625572941362144,0.009194912601212968
EUR_USD,2013-02-06 22:00:00,1.33707,54.80114817777106,34.697299079168666,0.009035930080970367
EUR_USD,2013-02-07 22:00:00,1.33533,54.082607189036146,25.05089029013058,0.008402744064776303
EUR_USD,2013-02-08 22:00:00,1.33656,54.518694979062694,13.63297740253288,0.006968195251821055
EUR_USD,2013-02-10 22:00:00,1.33574,54.163931517108054,12.349234703068833,0.006814556201456842
EUR_USD,2013-02-11 22:00:00,1.3364,54.41093747818845,12.895734273181754,0.007815644961165507
EUR_USD,2013-02-12 22:00:00,1.34263,56.68999694399013,17.338500057066668,0.0093765159689324
EUR_USD,2013-02-13 22:00:00,1.33151,51.89932227233856,13.21113625805013,0.00808721277514594
EUR_USD,2013-02-14 22:00:00,1.33064,51.54676523750747,3.4960378601761657,0.008041770220116748
EUR_USD,2013-02-15 22:00:00,1.33606,53.57905202661258,-5.689712775956086,0.007517416176093395
EUR_USD,2013-02-17 22:00:00,1.33214,51.94882538058307,-8.054683582770494,0.006609932940874713
EUR_USD,2013-02-18 22:00:00,1.3329,52.240276380079315,-4.5207122428267414,0.006779946352699731
EUR_USD,2013-02-19 22:00:00,1.3271,49.85306402094178,-11.781529661407832,0.007527957082159802
EUR_USD,2013-02-20 22:00:00,1.31612,45.75809061479191,-18.58665176225967,0.006412365665727866
EUR_USD,2013-02-21 22:00:00,1.31451,45.19497678898856,-19.535668901909908,0.006825892532582301
EUR_USD,2013-02-24 22:00:00,1.30475,41.956957145193314,-22.362757338993035,0.008938714026065844
EUR_USD,2013-02-25 22:00:00,1.30185,41.052882265574006,-15.43133871879459,0.008660971220852664
EUR_USD,2013-02-26 22:00:00,1.30415,42.07689497654351,-13.657693208305838,0.009496776976682124
EUR_USD,2013-02-27 22:00:00,1.30534,42.61049718366931,-4.041895689080988,0.010011421581345705
EUR_USD,2013-02-28 22:00:00,1.29666,39.84105303004577,-7.117954595496543,0.008969137265076591
EUR_USD,2013-03-01 22:00:00,1.302,42.230616296223154,-6.0328126923245255,0.008243309812061297
EUR_USD,2013-03-03 22:00:00,1.29821,41.03392380730125,-7.57752211964807,0.006966647849649033
EUR_USD,2013-03-04 22:00:00,1.30102,42.28824792223212,-2.187623176980576,0.007441318279719208
EUR_USD,2013-03-05 22:00:00,1.2965,40.84255576507099,-5.327815004598501,0.007161054623775376
EUR_USD,2013-03-06 22:00:00,1.2966,40.888805653507085,-3.359184206261489,0.008798843699020295
EUR_USD,2013-03-07 22:00:00,1.29552,40.53474655382639,-3.887089791718715,0.010409074959216244
EUR_USD,2013-03-08 22:00:00,1.30047,42.87986748051512,1.8376628651408617,0.009317259967372997
EUR_USD,2013-03-10 21:00:00,1.29796,42.010797648141704,2.7987010643422203,0.008783807973898407
EUR_USD,2013-03-11 21:00:00,1.29911,42.56254946336491,5.230403077137729,0.00893104637911872
EUR_USD,2013-03-12 21:00:00,1.29232,40.22486229811199,-0.46355726715180534,0.008618837103294997
EUR_USD,2013-03-13 21:00:00,1.29116,39.838166394541176,-4.856261980780703,0.009087069682636013
EUR_USD,2013-03-14 21:00:00,1.29996,44.05859280323904,-3.8701771989024683,0.011185655746108797
EUR_USD,2013-03-15 21:00:00,1.30755,47.35381378242558,9.900302390633255,0.010466524596887034
EUR_USD,2013-03-17 21:00:00,1.28822,40.99222003747121,11.407960590822947,0.011751219677509642
EUR_USD,2013-03-18 21:00:00,1.28435,39.88254404401446,3.588658477333155,0.011152975742007736
EUR_USD,2013-03-19 21:00:00,1.28569,40.45987070668027,-10.097311438764773,0.011624380593606171
EUR_USD,2013-03-20 21:00:00,1.28796,41.44530363470728,-8.446659567461147,0.01126950447488492
EUR_USD,2013-03-21 21:00:00,1.28885,41.835749509783966,-2.6080743122542778,0.011627603579907952
EUR_USD,2013-03-22 21:00:00,1.29879,45.99622403570755,14.37399237313045,0.01129008286392633
EUR_USD,2013-03-24 21:00:00,1.283,41.158258960656624,7.783032477234606,0.011016066291141095
EUR_USD,2013-03-25 21:00:00,1.28282,41.10727039209849,4.133775420952939,0.010010853032912909
EUR_USD,2013-03-26 21:00:00,1.2751,38.9655410459477,-21.86931314924469,0.008784682426330303
EUR_USD,2013-03-27 21:00:00,1.27552,39.143986174540785,-17.268622644537544,0.00889974594106425
EUR_USD,2013-03-28 21:00:00,1.27936,40.78152647398579,-13.060853931102761,0.008759796752851398
EUR_USD,2013-03-31 21:00:00,1.27714,40.135629015880575,-1.8043416972086213,0.008497837402281109
EUR_USD,2013-04-01 21:00:00,1.28089,41.747810400842866,3.468399063268342,0.008926269921824884
EUR_USD,2013-04-02 21:00:00,1.27899,41.16672840051887,3.1992044960754975,0.00825301593745991
EUR_USD,2013-04-03 21:00:00,1.27453,39.82081121623411,0.4782254782258984,0.00978841274996793
EUR_USD,2013-04-04 21:00:00,1.29006,46.161347856212224,9.808709808710093,0.013724730199974364
EUR_USD,2013-04-07 21:00:00,1.29684,48.606841248410575,27.971102971103107,0.01372778415997951
EUR_USD,2013-04-08 21:00:00,1.30051,49.881603257128,54.40577940577956,0.013678227327983596
EUR_USD,2013-04-09 21:00:00,1.30526,51.49255669320768,68.68752121528296,0.013280581862386873
EUR_USD,2013-04-10 21:00:00,1.30438,51.177291926002304,74.0373293258274,0.012340465489909462
EUR_USD,2013-04-11 21:00:00,1.30366,50.9134543625676,74.98363932121721,0.011536372391927547
EUR_USD,2013-04-12 21:00:00,1.3112,53.509915168624026,79.2898308235735,0.010737097913542014
EUR_USD,2013-04-14 21:00:00,1.3022,50.22918967825622,77.26343186465913,0.008659678330833627
EUR_USD,2013-04-15 21:00:00,1.30285,50.45613415915364,73.0466883356779,0.010519742664666897
EUR_USD,2013-04-16 21:00:00,1.30012,49.47594131668402,59.66378654463917,0.011841794131733491
EUR_USD,2013-04-17 21:00:00,1.30212,50.20900044220542,56.227279911490506,0.011377435305386789
EUR_USD,2013-04-18 21:00:00,1.3046,51.11876267967615,57.610241820768145,0.011257948244309434
EUR_USD,2013-04-21 21:00:00,1.30152,49.946290378780674,58.71661134819035,0.009774358595447561
EUR_USD,2013-04-22 21:00:00,1.2973,48.373696695890075,54.907539118065465,0.009201486876358043
EUR_USD,2013-04-23 21:00:00,1.29543,47.68543835893981,46.387547834916376,0.008581189501086434
EUR_USD,2013-04-24 21:00:00,1.29888,49.06846242137745,43.205609916136375,0.009648951600869133
EUR_USD,2013-04-25 21:00:00,1.29907,49.14505700861436,42.81475603147968,0.00889916128069531
EUR_USD,2013-04-28 21:00:00,1.30318,50.8007553203009,48.77171116078964,0.00964132902455625
EUR_USD,2013-04-29 21:00:00,1.30545,51.69923718567197,52.75424483082321,0.010799063219645012
EUR_USD,2013-04-30 21:00:00,1.31606,55.61817871876694,62.27963296152182,0.01240525057571599
EUR_USD,2013-05-01 21:00:00,1.30372,50.67162573203462,51.681028550889316,0.011080200460572773
EUR_USD,2013-05-02 21:00:00,1.3033,50.51344619928291,37.38926863942583,0.011308160368458242
EUR_USD,2013-05-05 21:00:00,1.30536,51.28504045025771,20.869536017998268,0.011208528294766592
EUR_USD,2013-05-06 21:00:00,1.3068,51.82818238389428,22.81409739036828,0.010530822635813262
EUR_USD,2013-05-07 21:00:00,1.30716,51.96668463016713,28.00645682001615,0.010948658108650625
EUR_USD,2013-05-08 21:00:00,1.30102,49.45776143753541,22.168415388754315,0.010870926486920481
EUR_USD,2013-05-09 21:00:00,1.29355,46.624712909457955,4.344901802528746,0.009512741189536359
EUR_USD,2013-05-12 21:00:00,1.29415,46.87755624392366,-9.468522311578345,0.008896192951629075
EUR_USD,2013-05-13 21:00:00,1.29142,45.855125672723894,-18.360821993139076,0.008872954361303262
EUR_USD,2013-05-14 21:00:00,1.28432,43.31350269868963,-18.326047762858252,0.007668363489042614
EUR_USD,2013-05-15 21:00:00,1.28464,43.459618391364444,-18.568152512311887,0.007866690791234114
EUR_USD,2013-05-16 21:00:00,1.27964,41.721342156679825,-19.66318471704622,0.007163352632987306
EUR_USD,2013-05-19 21:00:00,1.28194,42.80985896632717,-13.626559618742425,0.007822682106389828
EUR_USD,2013-05-20 21:00:00,1.2841,43.82912133000948,-10.008306064258424,0.008544145685111828
EUR_USD,2013-05-21 21:00:00,1.28336,43.554018991467096,-2.8152590371478605,0.009979316548089454
EUR_USD,2013-05-22 21:00:00,1.28215,43.096456946029896,-2.6403464934198735,0.010451453238471567
EUR_USD,2013-05-23 21:00:00,1.29045,47.04422022375377,2.6486756621690706,0.011803162590777287
EUR_USD,2013-05-26 21:00:00,1.29153,47.53417636948434,9.453606530068472,0.01032453007262179
EUR_USD,2013-05-27 21:00:00,1.28496,44.91878484426412,11.794102948526081,0.00894762405809741
EUR_USD,2013-05-28 21:00:00,1.28379,44.46804851995232,6.2214590770964335,0.009718099246477914
EUR_USD,2013-05-29 21:00:00,1.29337,48.81827975639327,8.802861777338867,0.012244479397182349
EUR_USD,2013-05-30 21:00:00,1.29442,49.26887946728649,17.8519777199362,0.012311583517745887
EUR_USD,2013-06-02 21:00:00,1.29554,49.7569738390143,28.96283655669301,0.013125266814196724
EUR_USD,2013-06-03 21:00:00,1.30422,53.35496219507094,39.24914675767898,0.013424213451357395
EUR_USD,2013-06-04 21:00:00,1.3053,53.78098411518761,50.57733967011796,0.012229370761085908
EUR_USD,2013-06-05 21:00:00,1.3075,54.653734806966526,56.585970945318614,0.014851496608868756
EUR_USD,2013-06-06 21:00:00,1.31919,58.91792854851452,62.76716394905057,0.016093197287094976
EUR_USD,2013-06-09 21:00:00,1.31777,58.22984976859718,65.89047003018561,0.014422557829675954
EUR_USD,2013-06-10 21:00:00,1.32318,60.067850019455264,76.50014903580652,0.014336046263740753
EUR_USD,2013-06-11 21:00:00,1.32656,61.1720968433959,78.6686647230802,0.014024837010992606
EUR_USD,2013-06-12 21:00:00,1.32786,61.59465360989606,81.12506154156218,0.013711869608794112
EUR_USD,2013-06-13 21:00:00,1.32946,62.11952920248866,81.32678132678127,0.012905495687035274
EUR_USD,2013-06-16 21:00:00,1.33186,62.90617783651131,82.92465988801065,0.012066396549628218
EUR_USD,2013-06-17 21:00:00,1.33258,63.14370952638079,84.34466338227107,0.011605117239702574
EUR_USD,2013-06-18 21:00:00,1.32622,59.6531030600931,80.95877677430117,0.011116093791762026
EUR_USD,2013-06-19 21:00:00,1.31613,54.69122847541699,70.23170593441343,0.009680875033409633
EUR_USD,2013-06-20 21:00:00,1.30987,51.91950615158324,56.70225385527895,0.009606700026727692
EUR_USD,2013-06-23 21:00:00,1.3059,50.248810817475224,44.65005931198127,0.00872336002138216
EUR_USD,2013-06-24 21:00:00,1.3065,50.49785404361438,38.938315539739264,0.00881468801710572
EUR_USD,2013-06-25 21:00:00,1.29848,47.228782730239224,27.585064033543514,0.007495750413684599
EUR_USD,2013-06-26 21:00:00,1.30002,47.89877381783984,16.005012466432582,0.0074446003309476625
EUR_USD,2013-06-27 21:00:00,1.29914,47.541966083716616,3.3764483205600087,0.00801968026475815
EUR_USD,2013-06-30 21:00:00,1.30058,48.19522111724627,-0.1856640084618952,0.00792574421180651
EUR_USD,2013-07-01 21:00:00,1.29635,46.43792599944548,-4.641765118606489,0.00778859536944519
EUR_USD,2013-07-02 21:00:00,1.29234,44.834744521118964,-8.655358511630142,0.007616876295556173
EUR_USD,2013-07-03 21:00:00,1.28832,43.28502714302849,-15.436141534283998,0.00809550103644491
EUR_USD,2013-07-04 21:00:00,1.28062,40.51047394137498,-18.581902634973357,0.007152400829155961
EUR_USD,2013-07-07 21:00:00,1.28114,40.77568479029617,-14.382541049938832,0.007239920663324765
EUR_USD,2013-07-08 21:00:00,1.27553,38.843062370728155,-10.214831242063001,0.0075299365306598295
EUR_USD,2013-07-09 21:00:00,1.27651,39.362428971279,-3.9416463535637942,0.010651949224527852
EUR_USD,2013-07-10 21:00:00,1.29623,48.47160321008531,5.565482409478807,0.01736755937962228
EUR_USD,2013-07-11 21:00:00,1.29994,49.93532608690974,20.102660800335286,0.016656047503697844
EUR_USD,2013-07-14 21:00:00,1.29934,49.69913599970937,32.06054892101407,0.014936838002958268
EUR_USD,2013-07-15 21:00:00,1.30508,51.94842521224454,36.69599832390535,0.015573470402366642
EUR_USD,2013-07-16 21:00:00,1.30832,53.17118019945134,44.60612056275372,0.015014776321893318
EUR_USD,2013-07-17 21:00:00,1.30663,52.450984681068284,53.56976189442054,0.01290582105751465
EUR_USD,2013-07-18 21:00:00,1.30894,53.344547425057776,63.54700647177852,0.012094656846011725
EUR_USD,2013-07-21 21:00:00,1.31364,55.119750033701834,71.28801736713844,0.012253725476809394
EUR_USD,2013-07-22 21:00:00,1.31638,56.1265048502634,79.07173084555326,0.01185098038144752
EUR_USD,2013-07-23 21:00:00,1.31768,56.60428852708669,82.71498126789604,0.01133278430515798
EUR_USD,2013-07-24 21:00:00,1.31661,56.0842521902452,80.5500681536626,0.011450227444126371
EUR_USD,2013-07-25 21:00:00,1.32527,59.22099123953252,83.14921100403204,0.011778181955301106
EUR_USD,2013-07-28 21:00:00,1.32392,58.5466199560938,84.99662577456654,0.010272545564240903
EUR_USD,2013-07-29 21:00:00,1.32344,58.302422731329656,89.0682454125937,0.009478036451392717
EUR_USD,2013-07-30 21:00:00,1.32089,56.995936048822834,83.87730253035306,0.00979842916111417
EUR_USD,2013-07-31 21:00:00,1.31938,56.224142315560705,78.66633403731414,0.009880743328891347
EUR_USD,2013-08-01 21:00:00,1.31891,55.98006080033555,73.77998345740285,0.009912594663113087
EUR_USD,2013-08-04 21:00:00,1.32328,57.74448219573992,75.1920122887866,0.010156075730490443
EUR_USD,2013-08-05 21:00:00,1.32462,58.27499502690466,78.28784119106706,0.00992886058439236
EUR_USD,2013-08-06 21:00:00,1.32658,59.05287116454302,80.29701665062056,0.009929088467513888
EUR_USD,2013-08-07 21:00:00,1.33282,61.421572724120615,79.80608812262943,0.010639270774011098
EUR_USD,2013-08-08 21:00:00,1.33326,61.58367683584911,78.9568902933354,0.0097554166192089
EUR_USD,2013-08-11 21:00:00,1.32774,58.39900548304442,74.03467297084288,0.00826833329536714
EUR_USD,2013-08-12 21:00:00,1.32336,56.02102467992271,62.07619492358125,0.0074146666362937125
EUR_USD,2013-08-13 21:00:00,1.32392,56.2566123082773,50.32445105993836,0.006875733309034938
EUR_USD,2013-08-14 21:00:00,1.32054,54.43588627473975,40.14631915866503,0.00798458664722797
EUR_USD,2013-08-15 21:00:00,1.33112,58.75806105729122,47.85366197857138,0.009879669317782381
EUR_USD,2013-08-18 21:00:00,1.33152,58.91050416403578,53.07558843483628,0.009173735454225876
EUR_USD,2013-08-19 21:00:00,1.33236,59.23782123550589,58.371367487088804,0.010074988363380685
EUR_USD,2013-08-20 21:00:00,1.33353,59.700381804349824,54.28690558015009,0.010133990690704546
EUR_USD,2013-08-21 21:00:00,1.32984,57.568988584664744,46.633996996812044,0.008869192552563613
EUR_USD,2013-08-22 21:00:00,1.33334,59.00507796634385,47.52899676438378,0.00932335404205092
EUR_USD,2013-08-25 21:00:00,1.33568,59.94274857509384,50.054377379010084,0.008678683233640735
EUR_USD,2013-08-26 21:00:00,1.33225,57.93342015852375,53.33061446438262,0.007782946586912584
EUR_USD,2013-08-27 21:00:00,1.33052,56.9375825196043,49.49700924415416,0.007730357269530062
EUR_USD,2013-08-28 21:00:00,1.32196,52.3330423120194,30.845568243610348,0.006944285815624055
EUR_USD,2013-08-29 21:00:00,1.31732,50.06281179704923,4.4060108909383,0.006259428652499238
EUR_USD,2013-09-01 21:00:00,1.31836,50.56010228634512,-13.275970888865183,0.006091542921999387
EUR_USD,2013-09-02 21:00:00,1.31388,48.41175339407706,-21.83655983770854,0.0051452343375995154
EUR_USD,2013-09-03 21:00:00,1.3157,49.31681347682633,-12.662302389779384,0.005696187470079616
EUR_USD,2013-09-04 21:00:00,1.31104,47.126869421826704,-15.402073104200534,0.005880949976063662
EUR_USD,2013-09-05 21:00:00,1.3105,46.877334106096065,-10.108584595522137,0.006284759980850934
EUR_USD,2013-09-08 21:00:00,1.31618,49.77129867309512,-4.3927171371286455,0.008543807984680733
EUR_USD,2013-09-09 21:00:00,1.32305,52.97653208147012,13.733172593932165,0.009115046387744602
EUR_USD,2013-09-10 21:00:00,1.3244,53.578710517694724,27.697408077155018,0.009174037110195666
EUR_USD,2013-09-11 21:00:00,1.32566,54.14566859094965,37.22121760096471,0.008959229688156533
EUR_USD,2013-09-12 21:00:00,1.32541,54.01027352414607,39.592123769339146,0.00846938375052523
EUR_USD,2013-09-15 21:00:00,1.33302,57.36726486536096,48.251959011452946,0.00940950700042021
EUR_USD,2013-09-16 21:00:00,1.33252,57.084052120705,56.800091884734364,0.008313605600336166
EUR_USD,2013-09-17 21:00:00,1.33384,57.65497600981342,60.57951704145018,0.010992884480268958
EUR_USD,2013-09-18 21:00:00,1.35012,63.799373694403315,67.7927693350366,0.013402307584215203
EUR_USD,2013-09-19 21:00:00,1.34981,63.617535828084726,73.62155495019908,0.01167184606737217
EUR_USD,2013-09-22 21:00:00,1.34797,62.52335383463071,83.10298707088694,0.010401476853897735
EUR_USD,2013-09-23 21:00:00,1.34646,61.62356230259297,80.38341506910362,0.009103181483118204
EUR_USD,2013-09-24 21:00:00,1.34619,61.459955276992844,77.69356516570048,0.008738545186494555
EUR_USD,2013-09-25 21:00:00,1.34722,61.85956633103347,77.13627582107289,0.008376836149195665
EUR_USD,2013-09-26 21:00:00,1.34742,61.93883897413271,77.84960618219644,0.008549468919356516
EUR_USD,2013-09-27 21:00:00,1.35184,63.66536847190315,82.04785257839195,0.00786957513548521
EUR_USD,2013-09-29 21:00:00,1.34778,61.03452760585923,82.46396195571391,0.007555660108388163
EUR_USD,2013-09-30 21:00:00,1.35169,62.57524937273484,84.41489064427087,0.00825252808671052
EUR_USD,2013-10-01 21:00:00,1.35048,61.79305300462882,81.15097702511112,0.008408022469368389
EUR_USD,2013-10-02 21:00:00,1.35776,64.55100321159779,83.1675995683296,0.009558417975494745
EUR_USD,2013-10-03 21:00:00,1.35384,62.0558083531291,79.05289300980262,0.008730734380395793
EUR_USD,2013-10-06 21:00:00,1.35428,62.22535598072823,76.94046684806901,0.008036587504316644
EUR_USD,2013-10-07 21:00:00,1.35574,62.79599251234722,73.14599397572142,0.007717270003453315
EUR_USD,2013-10-08 21:00:00,1.34856,58.314424130187916,66.91014770960213,0.007121816002762646
EUR_USD,2013-10-09 21:00:00,1.34878,58.40850992796256,59.09788230706448,0.006949452802210103
EUR_USD,2013-10-10 21:00:00,1.3518,59.700172203198804,53.928349223314,0.007439562241768054
EUR_USD,2013-10-13 21:00:00,1.35454,60.84156901326939,57.65117637642371,0.007553649793414458
EUR_USD,2013-10-14 21:00:00,1.34794,56.830746410690516,42.40750198658156,0.006558919834731572
EUR_USD,2013-10-15 21:00:00,1.34726,56.434227533990246,22.629186865722602,0.007009135867785255
EUR_USD,2013-10-16 21:00:00,1.35158,58.34431341815358,7.777254362970027,0.00979530869422824
EUR_USD,2013-10-17 21:00:00,1.36594,63.80175331431327,33.46101183863494,0.011608246955382612
EUR_USD,2013-10-20 21:00:00,1.3651,63.299912617138325,59.24286004822883,0.009874597564306123
EUR_USD,2013-10-21 21:00:00,1.36622,63.69380357444774,71.53867871259132,0.010721678051444913
EUR_USD,2013-10-22 21:00:00,1.37416,66.34297676575302,72.38728858647211,0.011197342441155955
EUR_USD,2013-10-23 21:00:00,1.37646,67.06315855926519,73.9721055355276,0.010637873952924756
EUR_USD,2013-10-24 21:00:00,1.37746,67.37712561485145,82.52646277804077,0.009872299162339802
EUR_USD,2013-10-27 21:00:00,1.3775,67.38998843899014,82.03044837169814,0.008761839329871863
EUR_USD,2013-10-28 21:00:00,1.37364,64.83791188218666,77.90221698267659,0.007775471463897491
EUR_USD,2013-10-29 21:00:00,1.3696,62.284077836680986,69.06130268199219,0.007208377171117982
EUR_USD,2013-10-30 21:00:00,1.35753,55.52480667534387,47.807577692634986,0.00662670173689438
EUR_USD,2013-10-31 21:00:00,1.348,51.00380857014162,20.519369944657253,0.005587361389515513
EUR_USD,2013-11-03 22:00:00,1.34416,49.32957433437714,-2.621006078503331,0.005361889111612393
EUR_USD,2013-11-04 22:00:00,1.3449,49.65900133368334,-12.202374688792034,0.0059075112892899
EUR_USD,2013-11-05 22:00:00,1.34678,50.50470447875698,-8.631428434799686,0.00670000903143193
EUR_USD,2013-11-06 22:00:00,1.3295,43.548415399822375,-20.993504392905034,0.006584007225145525
EUR_USD,2013-11-07 22:00:00,1.33178,44.590126546303395,-25.55509253915247,0.008131205780116443
EUR_USD,2013-11-10 22:00:00,1.3345,45.82390223442907,-25.88555401912303,0.00847696462409315
EUR_USD,2013-11-11 22:00:00,1.33592,46.46763875303216,-9.13252948072249,0.009013571699274532
EUR_USD,2013-11-12 22:00:00,1.33902,47.86662320905164,1.2869198312239372,0.009946857359419609
EUR_USD,2013-11-13 22:00:00,1.34185,49.12228332595296,6.455696202531919,0.010101485887535656
EUR_USD,2013-11-14 22:00:00,1.34324,49.7373934462344,11.603375527426417,0.009831188710028532
EUR_USD,2013-11-17 22:00:00,1.34746,51.57607351779453,17.538677918424998,0.010056950968022843
EUR_USD,2013-11-18 22:00:00,1.34878,52.14256749225668,22.412095639944045,0.009503560774418234
EUR_USD,2013-11-19 22:00:00,1.34152,48.88849019522715,21.20253164556997,0.009442848619534563
EUR_USD,2013-11-20 22:00:00,1.33992,48.202665489124534,15.90014064697638,0.008982278895627634
EUR_USD,2013-11-21 22:00:00,1.34622,51.00245050334424,14.33608101952076,0.010361823116502087
EUR_USD,2013-11-24 22:00:00,1.34902,52.19060057892564,20.004980217158582,0.010249458493201677
EUR_USD,2013-11-25 22:00:00,1.35153,53.24205701494757,29.378841021108613,0.009895566794561307
EUR_USD,2013-11-26 22:00:00,1.3558,54.98434128421229,39.33280343091855,0.009870453435649058
EUR_USD,2013-11-27 22:00:00,1.3564,55.226850304851524,55.97070908398109,0.009118362748519258
EUR_USD,2013-11-28 22:00:00,1.35802,55.89056706374599,71.81158750578311,0.008450690198815386
EUR_USD,2013-12-01 22:00:00,1.3526,53.162959925475505,75.53891886937127,0.007476552159052292
EUR_USD,2013-12-02 22:00:00,1.35244,53.0838465998864,70.25212213353645,0.007739241727241849
EUR_USD,2013-12-03 22:00:00,1.35282,53.25475554511809,63.66400608133821,0.007819393381793441
EUR_USD,2013-12-04 22:00:00,1.35432,53.939924941950714,61.77727179519019,0.00923551470543478
EUR_USD,2013-12-05 22:00:00,1.36184,57.1939125477571,65.66661571376285,0.01065641176434783
EUR_USD,2013-12-08 22:00:00,1.36944,60.13811767277165,72.42418478037004,0.011085129411478293
EUR_USD,2013-12-09 22:00:00,1.3734,61.563119793248276,80.79241960554141,0.010882103529182641
EUR_USD,2013-12-10 22:00:00,1.37405,61.79502954103415,82.95735845178045,0.01024168282334614
EUR_USD,2013-12-11 22:00:00,1.37375,61.61752629993708,81.50439255666923,0.009451346258676893
EUR_USD,2013-12-12 22:00:00,1.37094,59.948962801004186,78.09370529327593,0.008195077006941495
EUR_USD,2013-12-15 22:00:00,1.37284,60.69347811244307,77.01180257510718,0.008344061605553186
EUR_USD,2013-12-16 22:00:00,1.37232,60.37572106143656,75.73319027181672,0.00775324928444255
EUR_USD,2013-12-17 22:00:00,1.36745,57.46113907983414,72.5560898355901,0.007974599427554059
EUR_USD,2013-12-18 22:00:00,1.36496,56.03049357033024,63.54984313376021,0.006767679542043258
EUR_USD,2013-12-19 22:00:00,1.3625,54.640129482440564,50.296559816244645,0.006610143633634625
EUR_USD,2013-12-22 22:00:00,1.36674,56.56201608800222,46.24037575286932,0.007128114906907676
EUR_USD,2013-12-23 22:00:00,1.36551,55.85185629960631,43.23990875178322,0.006652491925526148
EUR_USD,2013-12-25 22:00:00,1.36631,56.22168310790651,45.94054797833369,0.006271993540420925
EUR_USD,2013-12-26 22:00:00,1.36877,57.35798068701617,42.685431840661664,0.009639594832336777
EUR_USD,2013-12-29 22:00:00,1.37284,59.171727188679746,46.35905606510195,0.010341675865869421
EUR_USD,2013-12-30 22:00:00,1.37598,60.5122067157308,52.01704545454542,0.009961340692695537
EUR_USD,2014-01-01 22:00:00,1.36296,53.04213506472249,42.823599423175516,0.008431072554156392
EUR_USD,2014-01-02 22:00:00,1.35825,50.699943400849456,24.051895154208363,0.007642858043325135
EUR_USD,2014-01-05 22:00:00,1.35714,50.15995565266612,0.9840913678419114,0.007528286434660135
EUR_USD,2014-01-06 22:00:00,1.35968,51.385629977248776,-3.2460258278692877,0.007722629147728099
EUR_USD,2014-01-07 22:00:00,1.35534,49.245016641151174,-6.564648480815773,0.006946103318182493
EUR_USD,2014-01-08 22:00:00,1.35484,49.00173377724533,-6.948688937254005,0.007156882654545996
EUR_USD,2014-01-09 22:00:00,1.35714,50.173103929532644,-7.7429572744028805,0.008505506123636802
EUR_USD,2014-01-12 22:00:00,1.36374,53.3536093716405,3.1805817116548543,0.009074404898909436
EUR_USD,2014-01-13 22:00:00,1.3649,53.88876046418443,13.705796191671551,0.008503523919127572
EUR_USD,2014-01-14 22:00:00,1.35812,50.39313638720894,14.73111529608668,0.0074508191353020396
EUR_USD,2014-01-15 22:00:00,1.35832,50.49113795663399,9.060472902280464,0.007334655308241619
EUR_USD,2014-01-16 22:00:00,1.35173,47.305602008429936,-4.718560368278129,0.0066317242465932826
EUR_USD,2014-01-19 22:00:00,1.35076,46.855472740667174,-8.169625538698286,0.006321379397274621
EUR_USD,2014-01-20 22:00:00,1.35165,47.33115830812233,-10.99660617260445,0.006291103517819699
EUR_USD,2014-01-21 22:00:00,1.35346,48.30463346041076,-5.234082397003719,0.00637888281425574
EUR_USD,2014-01-22 22:00:00,1.35302,48.08115106486483,-3.1179775280899324,0.008383106251404586
EUR_USD,2014-01-23 22:00:00,1.3663,54.634310026478275,10.599250936329561,0.010898485001123687
EUR_USD,2014-01-26 22:00:00,1.36532,54.11290197885152,24.578085222653144,0.009796788000898952
EUR_USD,2014-01-27 22:00:00,1.3629,52.82505352739344,36.34924163402175,0.008545430400719138
EUR_USD,2014-01-28 22:00:00,1.36032,51.47397910038871,33.790498193061744,0.007952344320575294
EUR_USD,2014-01-29 22:00:00,1.35434,48.499690994148644,21.008530918211967,0.00760987545646024
EUR_USD,2014-01-30 22:00:00,1.3479,45.566445674884314,0.1980783888957823,0.006701900365168174
EUR_USD,2014-02-02 22:00:00,1.34769,45.47367170923106,-9.720367897937765,0.00649352029213454
EUR_USD,2014-02-03 22:00:00,1.34934,46.36133213280952,-9.230208178806297,0.0064368162337076415
EUR_USD,2014-02-04 22:00:00,1.34988,46.65534382114102,2.609034267912579,0.006393452986966136
EUR_USD,2014-02-05 22:00:00,1.34824,45.86549130221965,3.322949117341515,0.00752276238957292
EUR_USD,2014-02-06 22:00:00,1.35518,49.60064494910271,10.903426791277242,0.009276209911658319
EUR_USD,2014-02-09 22:00:00,1.36134,52.60343935599896,25.778816199377008,0.009418967929326644
EUR_USD,2014-02-10 22:00:00,1.36294,53.35025333115071,44.85981308411218,0.008933174343461326
EUR_USD,2014-02-11 22:00:00,1.35623,49.93666652911648,46.22274143302184,0.007614539474769063
EUR_USD,2014-02-12 22:00:00,1.35847,51.01897507637405,42.497403946002194,0.008693631579815245
EUR_USD,2014-02-13 22:00:00,1.36736,55.01202524456181,48.23468328141221,0.00956090526385217
EUR_USD,2014-02-16 22:00:00,1.36922,55.792055874848444,65.09605399792324,0.008664724211081776
EUR_USD,2014-02-17 22:00:00,1.36944,55.88564559216277,76.38822566341496,0.008501779368865403
EUR_USD,2014-02-18 22:00:00,1.37244,57.16487857919903,79.35673831756928,0.008381423495092325
EUR_USD,2014-02-19 22:00:00,1.36852,55.00867876179102,75.41137989047742,0.007471138796073861
EUR_USD,2014-02-20 22:00:00,1.37022,55.75734290331666,76.07897153351699,0.007448911036859096
EUR_USD,2014-02-23 22:00:00,1.37084,56.03336732922864,74.24242424242419,0.007359128829487301
EUR_USD,2014-02-24 22:00:00,1.37154,56.35142508479211,77.70890725436176,0.007063303063589819
EUR_USD,2014-02-25 22:00:00,1.36617,53.29197013079098,73.06014692378338,0.006490642450871852
EUR_USD,2014-02-26 22:00:00,1.36432,52.28039368469652,65.57621671258033,0.00649451396069744
EUR_USD,2014-02-27 22:00:00,1.3694,54.721806738103034,59.465669453707655,0.00883161116855797
EUR_USD,2014-03-02 22:00:00,1.37263,56.195887777187934,61.56696096115743,0.009041288934846398
EUR_USD,2014-03-03 22:00:00,1.37199,55.82336827236042,65.09663699816491,0.008347031147877134
EUR_USD,2014-03-04 22:00:00,1.37074,55.08557336949976,64.44001065300232,0.0072696249183016775
EUR_USD,2014-03-05 22:00:00,1.37213,55.7582097447544,57.268477701234666,0.00913169993464135
EUR_USD,2014-03-06 22:00:00,1.38521,61.38732996668924,62.13700962030058,0.011187359947713067
EUR_USD,2014-03-09 21:00:00,1.38618,61.76058554938469,70.0181776520132,0.009867887958170429
EUR_USD,2014-03-10 21:00:00,1.38338,60.027824657224855,79.47047264453414,0.008240310366536345
EUR_USD,2014-03-11 21:00:00,1.38435,60.42572758196031,78.5810321646499,0.008204248293229069
EUR_USD,2014-03-12 21:00:00,1.38456,60.51375864789186,70.04786661491907,0.009029398634583246
EUR_USD,2014-03-13 21:00:00,1.38476,60.60010659685589,64.28658935254519,0.00907151890766658
EUR_USD,2014-03-16 21:00:00,1.3879,61.95145458116072,61.262873182188436,0.009259215126133279
EUR_USD,2014-03-17 21:00:00,1.38799,61.99010951086958,64.98689540147735,0.008685372100906646
EUR_USD,2014-03-18 21:00:00,1.38096,57.287261292487166,60.45985227543489,0.008038297680725308
EUR_USD,2014-03-19 21:00:00,1.37492,53.668476970787935,44.99642601858471,0.007142638144580248
EUR_USD,2014-03-20 21:00:00,1.37658,54.48589655383057,31.40338336907293,0.006946110515664232
EUR_USD,2014-03-23 21:00:00,1.37604,54.16431535655281,25.542053847986377,0.007762888412531406
EUR_USD,2014-03-24 21:00:00,1.3749,53.47504115773136,25.518227305217838,0.007950310730025155
EUR_USD,2014-03-25 21:00:00,1.37765,54.90702702784746,26.79294734334046,0.007934248584020134
EUR_USD,2014-03-26 21:00:00,1.37286,52.021899483067976,20.414700791033777,0.006757398867216085
EUR_USD,2014-03-27 21:00:00,1.3705,50.66500850729621,9.004499930014223,0.006301919093772876
EUR_USD,2014-03-30 21:00:00,1.3722,51.60562759158324,-3.2560514749359064,0.007121535275018295
EUR_USD,2014-03-31 21:00:00,1.3769,54.10808722729637,-0.513698630137187,0.007569228220014599
EUR_USD,2014-04-01 21:00:00,1.37533,53.15820969305941,6.378424657533941,0.007087382576011691
EUR_USD,2014-04-02 21:00:00,1.36982,49.97315146554771,1.6934123328078268,0.006745906060809386
EUR_USD,2014-04-03 21:00:00,1.36728,48.58494482122818,-9.854429095170339,0.006064724848647488
EUR_USD,2014-04-06 21:00:00,1.36964,49.92204968488894,-12.958458116538813,0.006367779878917975
EUR_USD,2014-04-07 21:00:00,1.37374,52.158085834451036,-1.8211444049434318,0.007402223903134402
EUR_USD,2014-04-08 21:00:00,1.378,54.34902987757114,14.761018001240961,0.008421779122507514
EUR_USD,2014-04-09 21:00:00,1.3836,57.025342527345785,33.40106634569718,0.009125423298006023
EUR_USD,2014-04-10 21:00:00,1.38634,58.263812283382954,50.61323090998721,0.008696338638404816
EUR_USD,2014-04-13 21:00:00,1.38084,54.97403870040742,55.4745507506373,0.00736707091072383
EUR_USD,2014-04-14 21:00:00,1.37904,53.94285949124173,50.073345588022704,0.006393656728579054
EUR_USD,2014-04-15 21:00:00,1.38038,54.59870313341517,44.95484431750369,0.0063329253828632295
EUR_USD,2014-04-16 21:00:00,1.38112,54.96505897295844,48.087302194801765,0.006286340306290583
EUR_USD,2014-04-17 21:00:00,1.38074,54.7304530152944,52.610441767068096,0.005257072245032495
EUR_USD,2014-04-20 21:00:00,1.37872,53.47530021502334,49.94377510040141,0.0046696577960259715
EUR_USD,2014-04-21 21:00:00,1.3785,53.33748579402424,45.734939759036166,0.004487726236820775
EUR_USD,2014-04-22 21:00:00,1.38004,54.19235697486445,44.610441767068046,0.004982180989456591
EUR_USD,2014-04-23 21:00:00,1.37914,53.59870504497833,45.28514056224892,0.004853744791565276
EUR_USD,2014-04-24 21:00:00,1.38269,55.58407591933363,52.016064257027956,0.005024995833252197
EUR_USD,2014-04-27 21:00:00,1.38148,54.75796358170725,54.32931726907635,0.00507399666660178
EUR_USD,2014-04-28 21:00:00,1.38055,54.11844253323386,56.59437751004008,0.005347197333281424
EUR_USD,2014-04-29 21:00:00,1.37744,52.01683240074249,48.160642570281006,0.005699757866625129
EUR_USD,2014-04-30 21:00:00,1.38629,56.93941414541704,55.88755020080313,0.006859806293300116
EUR_USD,2014-05-01 21:00:00,1.38123,53.68206905096616,56.979919678714815,0.005857845034640075
EUR_USD,2014-05-04 21:00:00,1.38646,56.35193931646299,69.71436967381742,0.0061642760277120625
EUR_USD,2014-05-05 21:00:00,1.38724,56.73668782381161,60.00232097460681,0.006667420822169655
EUR_USD,2014-05-06 21:00:00,1.39101,58.562981014612745,66.34228359938095,0.00666193665773572
EUR_USD,2014-05-07 21:00:00,1.38329,53.75595448417401,48.039640513188736,0.006999549326188548
EUR_USD,2014-05-08 21:00:00,1.37452,49.026711212953735,23.408195716503112,0.005833639460950862
EUR_USD,2014-05-11 21:00:00,1.37494,49.24791467628939,-1.856640715426179,0.0052629115687606864
EUR_USD,2014-05-12 21:00:00,1.36892,46.270599241082486,-17.49305253271085,0.004652329255008559
EUR_USD,2014-05-13 21:00:00,1.3698,46.75734940769674,-10.188203974693026,0.0045578634040068615
EUR_USD,2014-05-14 21:00:00,1.36486,44.4204265826847,-15.843800810440023,0.004338290723205494
EUR_USD,2014-05-15 21:00:00,1.36856,46.49250936817513,-8.884297520661262,0.005042632578564391
EUR_USD,2014-05-18 21:00:00,1.3692,46.84709440954317,-8.353864833780229,0.0050101060628515125
EUR_USD,2014-05-19 21:00:00,1.3678,46.154952019007396,-3.703479982549696,0.004444084850281225
EUR_USD,2014-05-20 21:00:00,1.36338,44.03032747253152,-8.194905869324305,0.004463267880224978
EUR_USD,2014-05-21 21:00:00,1.36452,44.70940752480349,-12.37873037376307,0.004652614304179965
EUR_USD,2014-05-22 21:00:00,1.36158,43.30756975516647,-14.489580544894956,0.004000091443343973
EUR_USD,2014-05-25 21:00:00,1.36136,43.20271009635149,-8.89736853840511,0.003976073154675156
EUR_USD,2014-05-26 21:00:00,1.36127,43.158486514134836,-5.64763968412474,0.0042808585237401366
EUR_USD,2014-05-27 21:00:00,1.35886,41.96844104572918,-5.0928429781863445,0.003930686818992094
EUR_USD,2014-05-28 21:00:00,1.35862,41.84956188775069,-4.688548380458022,0.0038885494551936643
EUR_USD,2014-05-29 21:00:00,1.35986,42.71681081677797,-3.1728862448169877,0.004390839564154924
EUR_USD,2014-06-01 21:00:00,1.3588,42.160769899673035,-0.36556995679627513,0.004316671651323922
EUR_USD,2014-06-02 21:00:00,1.35855,42.027295868481346,-0.4237288135593315,0.0046493373210591575
EUR_USD,2014-06-03 21:00:00,1.35964,42.84343483234678,-0.6065137919575613,0.004787469856847351
EUR_USD,2014-06-04 21:00:00,1.35034,38.10822739295789,-12.004094773569825,0.005309975885477896
EUR_USD,2014-06-05 21:00:00,1.3621,45.92612299129142,-6.2099310799116045,0.007723980708382307
EUR_USD,2014-06-08 21:00:00,1.35823,44.03265186484648,-8.422036620724361,0.007143184566705811
EUR_USD,2014-06-09 21:00:00,1.35333,41.77664294421267,-10.33349998806654,0.006112547653364636
EUR_USD,2014-06-10 21:00:00,1.35218,41.26336146667318,-19.677005086685295,0.005364038122691706
EUR_USD,2014-06-11 21:00:00,1.35123,40.834615989538975,-20.861804864005347,0.005299230498153396
EUR_USD,2014-06-12 21:00:00,1.3521,41.41133919019652,-8.825997506795906,0.005577384398522734
EUR_USD,2014-06-15 21:00:00,1.3513,41.03088305651857,-7.821879060817044,0.005637907518818165
EUR_USD,2014-06-16 21:00:00,1.35364,42.62584649868971,-3.821759131493538,0.005994326015054528
EUR_USD,2014-06-17 21:00:00,1.35417,42.98715823310702,0.0902579296462706,0.006065460812043639
EUR_USD,2014-06-18 21:00:00,1.35844,45.830293486213534,15.383863647328864,0.006892368649634909
EUR_USD,2014-06-19 21:00:00,1.35642,44.73846931665973,22.017852155462336,0.006505894919707898
EUR_USD,2014-06-22 21:00:00,1.35741,45.39797103074692,29.571363429092745,0.006192715935766308
EUR_USD,2014-06-23 21:00:00,1.35835,46.030610725077956,29.366165070679287,0.006028172748613066
EUR_USD,2014-06-24 21:00:00,1.36006,47.18225674629644,37.665298677610586,0.006176538198890442
EUR_USD,2014-06-25 21:00:00,1.35759,45.72430639816158,38.07569539443701,0.0057592305591123395
EUR_USD,2014-06-26 21:00:00,1.36093,47.97317518444311,43.95804833561351,0.006105384447289871
EUR_USD,2014-06-29 21:00:00,1.36403,49.963765282656055,49.905742550467174,0.006658307557831884
EUR_USD,2014-06-30 21:00:00,1.36756,52.12165818675778,68.08843576816666,0.006532646046265503
EUR_USD,2014-07-01 21:00:00,1.36408,49.92583000395255,71.81636726546935,0.005366116837012388
EUR_USD,2014-07-02 21:00:00,1.35963,47.290367487403955,62.83411949685513,0.004764893469609939
EUR_USD,2014-07-03 21:00:00,1.35856,46.67747272854808,45.14544025157196,0.004113914775687975
EUR_USD,2014-07-06 21:00:00,1.35762,46.13409410596249,32.44889937106907,0.00376713182055039
EUR_USD,2014-07-07 21:00:00,1.35884,46.96304542537581,30.89622641509453,0.003837705456440293
EUR_USD,2014-07-08 21:00:00,1.36024,47.91457595092539,34.19811320754716,0.004270164365152236
EUR_USD,2014-07-09 21:00:00,1.35892,47.0905384891639,35.17540093345685,0.004380131492121798
EUR_USD,2014-07-10 21:00:00,1.3592,47.289461086044476,34.34486041870324,0.00421610519369744
EUR_USD,2014-07-13 21:00:00,1.35974,47.68189072841088,31.394204638316477,0.004342884154957956
EUR_USD,2014-07-14 21:00:00,1.3562,45.39018394687845,24.983031942470145,0.0040903073239663594
EUR_USD,2014-07-15 21:00:00,1.3521,42.91870969565351,2.4431021429490785,0.0035062458591730663
EUR_USD,2014-07-16 21:00:00,1.35165,42.65500608903869,-10.372594277921726,0.0031889966873384374
EUR_USD,2014-07-17 21:00:00,1.3491,41.17206800844228,-20.321786981299663,0.0029451973498707557
EUR_USD,2014-07-20 21:00:00,1.35132,42.95807531423599,-10.513264918281603,0.0035181578798966235
EUR_USD,2014-07-21 21:00:00,1.34592,39.909219241052845,-20.805485887841858,0.0031425263039172716
EUR_USD,2014-07-22 21:00:00,1.3455,39.68261336817589,-15.928600846745397,0.002814021043133829
EUR_USD,2014-07-23 21:00:00,1.34382,38.77166117352936,-17.282925848119202,0.002851216834507086
EUR_USD,2014-07-24 21:00:00,1.34214,37.8722876125628,-11.126509427842697,0.003028973467605684
EUR_USD,2014-07-27 21:00:00,1.3427,38.365294554496245,-10.023637942548085,0.0028711787740845073
EUR_USD,2014-07-28 21:00:00,1.34042,37.12450419381393,-9.968763498101566,0.0026489430192676027
EUR_USD,2014-07-29 21:00:00,1.33671,35.20777493331305,-9.552985041446489,0.0023431544154140843
EUR_USD,2014-07-30 21:00:00,1.33716,35.62481755720307,-12.400846552512968,0.002548523532331242
EUR_USD,2014-07-31 21:00:00,1.33785,36.27543286568053,-10.18534213014735,0.0035028188258649923
EUR_USD,2014-08-03 21:00:00,1.34094,39.12561765507937,-2.156109202527775,0.00389825506069198
EUR_USD,2014-08-04 21:00:00,1.33583,36.344671682944416,-2.728895689875372,0.003428604048553572
EUR_USD,2014-08-05 21:00:00,1.33332,35.07777989290561,-6.616088982793119,0.0033148832388428307
EUR_USD,2014-08-06 21:00:00,1.33372,35.44872795217499,-14.13958333513853,0.0038679065910742377
EUR_USD,2014-08-07 21:00:00,1.33434,36.03475647358645,-12.476620252956502,0.005008325272859406
EUR_USD,2014-08-10 21:00:00,1.33806,39.446881750753214,-4.942561257062515,0.00537066021828749
EUR_USD,2014-08-11 21:00:00,1.33361,37.00417166641578,-4.143859794291058,0.004410528174629984
EUR_USD,2014-08-12 21:00:00,1.33424,37.570350900120154,-5.4372924600688,0.005110422539704004
EUR_USD,2014-08-13 21:00:00,1.33486,38.136396935494965,-10.18355605993946,0.005396338031763201
EUR_USD,2014-08-14 21:00:00,1.33587,39.06742618136921,-6.695232994108857,0.005583070425410595
EUR_USD,2014-08-17 21:00:00,1.3353,38.727158668731974,-4.998445253710816,0.005276456340328498
EUR_USD,2014-08-18 21:00:00,1.33133,36.440363358434325,-15.884246058915735,0.004463165072262829
EUR_USD,2014-08-19 21:00:00,1.32554,33.45949779400645,-28.785741240097867,0.0037945320578102655
EUR_USD,2014-08-20 21:00:00,1.32421,32.82150681118861,-29.5623775941482,0.003697625646248242
EUR_USD,2014-08-21 21:00:00,1.32209,31.821008100542883,-23.113000588890326,0.004054100516998579
EUR_USD,2014-08-24 21:00:00,1.3184,30.165315701945403,-11.158626127423263,0.0037412804135988397
EUR_USD,2014-08-25 21:00:00,1.31646,29.33517255220889,-12.120855781892123,0.003609024330879066
EUR_USD,2014-08-26 21:00:00,1.31528,28.835849747007842,-7.152953389871492,0.003791219464703269
EUR_USD,2014-08-27 21:00:00,1.31598,29.57151524566507,-6.632192869809999,0.004392975571762599
EUR_USD,2014-08-28 21:00:00,1.3132,28.366759888162505,-7.65700483091828,0.0044183804574100954
EUR_USD,2014-08-31 21:00:00,1.31192,27.826781111935304,-6.709212672955103,0.0038787043659280654
EUR_USD,2014-09-01 21:00:00,1.31106,27.463424236963476,-7.547647246282229,0.0034549634927424494
EUR_USD,2014-09-02 21:00:00,1.31224,28.783377625195357,-3.5444699704631373,0.003751970794193993
EUR_USD,2014-09-03 21:00:00,1.29202,21.763217131819772,-25.314517011268332,0.0036335766353551603
EUR_USD,2014-09-04 21:00:00,1.29222,21.95797987791964,-25.109831263187193,0.004324861308284137
EUR_USD,2014-09-07 21:00:00,1.28818,20.872209575867004,-29.068615206661963,0.004209889046627339
EUR_USD,2014-09-08 21:00:00,1.28594,20.296560342994667,-8.513200436559755,0.004879911237301829
EUR_USD,2014-09-09 21:00:00,1.28838,22.69893128655758,-7.435871529129194,0.005973928989841435
EUR_USD,2014-09-10 21:00:00,1.2897,23.981235795349278,-2.6367032413954443,0.006143143191873114
EUR_USD,2014-09-11 21:00:00,1.2909,25.148943583862433,0.5650102867670197,0.006558514553498471
EUR_USD,2014-09-14 21:00:00,1.2909,25.148943583862433,2.2834273939785397,0.006568811642798778
EUR_USD,2014-09-15 21:00:00,1.29222,26.478380202944308,4.275519226487076,0.006979049314239037
EUR_USD,2014-09-16 21:00:00,1.28522,24.12750545449694,-0.1669936545743438,0.00676723945139126
EUR_USD,2014-09-17 21:00:00,1.28345,23.57988674780988,-3.6621997904133834,0.006981791561113022
EUR_USD,2014-09-18 21:00:00,1.28284,23.390614340140218,-9.371909172781477,0.007473433248890441
EUR_USD,2014-09-21 21:00:00,1.28162,23.00850535345738,-7.447837096574535,0.0067667465991123645
EUR_USD,2014-09-22 21:00:00,1.28428,25.744524727231337,-4.252477829942585,0.0071213972792898905
EUR_USD,2014-09-23 21:00:00,1.27742,23.51511795972597,-5.874246339362474,0.006123117823431906
EUR_USD,2014-09-24 21:00:00,1.26971,21.364106654201464,-10.916590153926512,0.005080494258745518
EUR_USD,2014-09-25 21:00:00,1.26771,20.852251178727784,-17.56124328018923,0.005338395406996456
EUR_USD,2014-09-28 21:00:00,1.26637,20.511638330588127,-13.856609293250534,0.00503071632559717
EUR_USD,2014-09-29 21:00:00,1.25714,18.373128062940523,-15.192146166784875,0.004802573060477726
EUR_USD,2014-09-30 21:00:00,1.25836,19.520430772171608,-12.219028302386596,0.005210058448382217
EUR_USD,2014-10-01 21:00:00,1.26139,22.32541149514124,-11.32306369843053,0.0064700467587058
EUR_USD,2014-10-02 21:00:00,1.25006,19.67308359685623,-14.025216141449986,0.006406037406964616
EUR_USD,2014-10-05 21:00:00,1.25088,20.38127420549013,-11.39134186963635,0.008612829925571717
EUR_USD,2014-10-06 21:00:00,1.25838,26.511534490413297,-5.94062853506852,0.010354263940457374
EUR_USD,2014-10-07 21:00:00,1.26228,29.434235199909807,12.266887691670128,0.01159341115236587
EUR_USD,2014-10-08 21:00:00,1.26641,32.38033127904059,22.993507390523593,0.012648728921892683
EUR_USD,2014-10-09 21:00:00,1.26056,30.51362604975006,24.49924022655057,0.011160983137514135
EUR_USD,2014-10-12 21:00:00,1.26206,31.560180815505376,24.3472855366762,0.012044786510011339
EUR_USD,2014-10-13 21:00:00,1.264,32.91206797550707,22.941722335453367,0.012593829208009088
EUR_USD,2014-10-14 21:00:00,1.26249,32.396801135971415,25.47352607529685,0.01500306336640727
EUR_USD,2014-10-15 21:00:00,1.27058,37.794408364477874,33.48354546840924,0.01640845069312586
EUR_USD,2014-10-16 21:00:00,1.2744,40.1294021306224,44.25357655655276,0.015750760554500694
EUR_USD,2014-10-19 21:00:00,1.27314,39.62191826743505,54.047162531305084,0.014060608443600573
EUR_USD,2014-10-20 21:00:00,1.27144,38.93469484017384,56.57291221081965,0.013426486754880472
EUR_USD,2014-10-21 21:00:00,1.26374,36.00831735714086,47.87323777705327,0.011247189403904408
EUR_USD,2014-10-22 21:00:00,1.26138,35.17018471490998,38.148742643124535,0.009783751523123526
EUR_USD,2014-10-23 21:00:00,1.2635,36.542766331915324,31.068307472801862,0.009471001218498845
EUR_USD,2014-10-26 21:00:00,1.26656,38.48739348827182,33.58302122347052,0.009344800974799068
EUR_USD,2014-10-27 21:00:00,1.26849,39.69320819238405,39.92331014802906,0.009467840779839294
EUR_USD,2014-10-28 21:00:00,1.26306,37.550803750565834,39.53094346352755,0.009290272623871443
EUR_USD,2014-10-29 21:00:00,1.25466,34.56523241311412,28.919208132691264,0.0076122180990971355
EUR_USD,2014-10-30 21:00:00,1.24858,32.623090898467254,11.164615658997768,0.00751577447927768
EUR_USD,2014-11-02 22:00:00,1.24378,31.191753258902466,-5.521002301571613,0.006600619583422133
EUR_USD,2014-11-03 22:00:00,1.24815,33.922213931849555,-8.76835463773073,0.0080724956667377
EUR_USD,2014-11-04 22:00:00,1.24572,33.165162037212156,-8.607335606842712,0.008171996533390154
EUR_USD,2014-11-05 22:00:00,1.23645,30.48066677153227,-12.353964702957976,0.008057597226712135
EUR_USD,2014-11-06 22:00:00,1.23582,30.308192378111144,-13.006187614688857,0.008554077781369707
EUR_USD,2014-11-09 22:00:00,1.24186,34.01148608514774,-7.734083796723719,0.009875262225095778
EUR_USD,2014-11-10 22:00:00,1.23946,33.28446735555248,3.6648536648535224,0.009514209780076627
EUR_USD,2014-11-11 22:00:00,1.24191,34.75722244566107,7.8756914694414215,0.009683367824061288
EUR_USD,2014-11-12 22:00:00,1.24264,35.198153804066436,8.72974302756808,0.009200694259249008
EUR_USD,2014-11-13 22:00:00,1.23988,34.29171756250881,9.174920099585409,0.009760555407399209
EUR_USD,2014-11-16 22:00:00,1.24453,37.11423636279155,11.073181139321436,0.011380444325919364
EUR_USD,2014-11-17 22:00:00,1.24434,37.04697071405562,13.172702730207702,0.011106355460735507
EUR_USD,2014-11-18 22:00:00,1.25124,41.060080932293,22.99806703622355,0.01202108436858839
EUR_USD,2014-11-19 22:00:00,1.25044,40.74852181370021,28.848241877557744,0.010878867494870721
EUR_USD,2014-11-20 22:00:00,1.2375,36.15771339264903,23.13538795623479,0.00998309399589657
EUR_USD,2014-11-23 22:00:00,1.23621,35.74243424139418,11.302011571658076,0.009620475196717259
EUR_USD,2014-11-24 22:00:00,1.24022,38.03114322158599,3.41535972904142,0.010202380157373793
EUR_USD,2014-11-25 22:00:00,1.24437,40.30736228005298,12.85662245448315,0.010749904125899025
EUR_USD,2014-11-26 22:00:00,1.2465,41.44926133379016,26.268770114576288,0.010199923300719223
EUR_USD,2014-11-27 22:00:00,1.24265,40.017848007056976,31.987351696802524,0.00866993864057539
EUR_USD,2014-11-30 22:00:00,1.24194,39.75592658689861,30.187917712222358,0.008541950912460308
EUR_USD,2014-12-01 22:00:00,1.23768,38.203898843899104,18.788645306352056,0.007969560729968229
EUR_USD,2014-12-02 22:00:00,1.23012,35.64896324537709,1.180438448566857,0.006655648583974597
EUR_USD,2014-12-03 22:00:00,1.22798,34.96424537119411,-10.188888734036444,0.008428518867179675
EUR_USD,2014-12-04 22:00:00,1.2271,34.68087983858004,-16.581807651867,0.009008815093743709
EUR_USD,2014-12-07 22:00:00,1.22474,33.918258423614375,-12.353023103198334,0.008671052074994965
EUR_USD,2014-12-08 22:00:00,1.22922,36.653711877283044,-8.566737720745872,0.010944841659995985
EUR_USD,2014-12-09 22:00:00,1.2362,40.61575975238081,3.7060839760064215,0.011879873327996782
EUR_USD,2014-12-10 22:00:00,1.23702,41.06374403462751,16.859468723221656,0.012167898662397425
EUR_USD,2014-12-11 22:00:00,1.23845,41.85505822551369,26.745929734361464,0.012034318929917954
EUR_USD,2014-12-14 22:00:00,1.24148,43.51736512339225,32.401456726649364,0.011517455143934357
EUR_USD,2014-12-15 22:00:00,1.24339,44.55109305696278,39.22450728363311,0.012309964115147518
EUR_USD,2014-12-16 22:00:00,1.23208,40.05997499097726,32.695112540769784,0.011489971292118024
EUR_USD,2014-12-17 22:00:00,1.2266,38.13315958653006,16.488150595470675,0.009827977033694412
EUR_USD,2014-12-18 22:00:00,1.22204,36.61708440593267,-6.8589118926363115,0.008586381626955564
EUR_USD,2014-12-21 22:00:00,1.22166,36.49201307262076,-11.193841298663578,0.007915105301564465
EUR_USD,2014-12-22 22:00:00,1.21648,34.81509802900973,-14.081308328787467,0.0069120842412515975
EUR_USD,2014-12-23 22:00:00,1.21696,35.100979570511285,-6.6085253903477374,0.00664166739300128
EUR_USD,2014-12-25 22:00:00,1.21685,35.064522503019134,-6.419774841377065,0.0064933339144010276
EUR_USD,2014-12-28 22:00:00,1.21428,34.205851886848464,-3.4108135421927295,0.006246667131520831
EUR_USD,2014-12-29 22:00:00,1.2124,33.583504783731456,-5.292093159528745,0.005889333705216647
EUR_USD,2014-12-30 22:00:00,1.20976,32.71873966784557,-9.188013090192955,0.005627466964173324
EUR_USD,2015-01-01 22:00:00,1.2001,29.812892827085037,-14.100440019745017,0.004699973571338668
EUR_USD,2015-01-04 22:00:00,1.18734,26.58638814566403,-16.29108909987632,0.004679978857070922
EUR_USD,2015-01-05 22:00:00,1.18844,27.288164220220338,-14.516142628510357,0.005653983085656727
EUR_USD,2015-01-06 22:00:00,1.1802,25.40616731976553,-11.320317190559791,0.004771186468525408
EUR_USD,2015-01-07 22:00:00,1.17543,24.39848894543117,-10.70823381815831,0.004730949174820364
EUR_USD,2015-01-08 22:00:00,1.17624,24.921592574240037,-9.440945596742043,0.005618759339856316
EUR_USD,2015-01-11 22:00:00,1.17864,26.480812708144455,-5.383902995608444,0.006669007471885084
EUR_USD,2015-01-12 22:00:00,1.17529,25.70982349893839,-3.277985154674694,0.006799205977508067
EUR_USD,2015-01-13 22:00:00,1.17277,25.14022973920906,-3.8469881854264396,0.007309364782006448
EUR_USD,2015-01-14 22:00:00,1.15678,21.94839706864272,-12.74828075999645,0.007157491825605125
EUR_USD,2015-01-15 22:00:00,1.14601,20.164579111362826,-19.061211978368053,0.0073499934604841265
EUR_USD,2015-01-18 22:00:00,1.15516,25.486990905333684,-17.236638493404765,0.009457994768387294
EUR_USD,2015-01-19 22:00:00,1.15407,25.27930518021644,-8.615890279330783,0.008846395814709827
EUR_USD,2015-01-20 22:00:00,1.15416,25.33127677896536,-1.1244181089595118,0.00987111665176787
EUR_USD,2015-01-21 22:00:00,1.13158,21.457693498218646,-12.756478547768113,0.010116893321414274
EUR_USD,2015-01-22 22:00:00,1.11144,18.80446001337353,-21.93815850409244,0.009241514657131435
EUR_USD,2015-01-25 22:00:00,1.10982,18.612952199249293,-23.119259891167086,0.011017211725705132
EUR_USD,2015-01-26 22:00:00,1.1224,24.767812574079144,-9.154770476918634,0.015307769380564105
EUR_USD,2015-01-27 22:00:00,1.12764,27.1419950098403,4.623129997340153,0.015432215504451284
EUR_USD,2015-01-28 22:00:00,1.1262,26.900655887351945,10.13986238322022,0.01417777240356104
EUR_USD,2015-01-29 22:00:00,1.12787,27.672213521978378,12.940558357501194,0.01337221792284881
EUR_USD,2015-02-01 22:00:00,1.12926,28.32362069678885,14.598500573169074,0.012363774338279083
EUR_USD,2015-02-02 22:00:00,1.13126,29.271774040263082,17.944430442264853,0.01472301947062326
EUR_USD,2015-02-03 22:00:00,1.13156,29.41665764988906,20.403468960401153,0.015226415576498637
EUR_USD,2015-02-04 22:00:00,1.13041,29.179626153458287,21.71403486416852,0.01584113246119895
EUR_USD,2015-02-05 22:00:00,1.13118,29.572696187397042,21.932878429188094,0.016314905968959174
EUR_USD,2015-02-08 22:00:00,1.12704,28.687108895136333,19.923441448385077,0.014301924775167358
EUR_USD,2015-02-09 22:00:00,1.12731,28.830895568190655,18.683045548989227,0.012943539820133868
EUR_USD,2015-02-10 22:00:00,1.128,29.208243404188465,17.92425856696416,0.011844831856107086
EUR_USD,2015-02-11 22:00:00,1.13021,30.43042614308348,21.80958765064244,0.012339865484885693
EUR_USD,2015-02-12 22:00:00,1.13797,34.53577610715145,30.364255008004278,0.01269589238790858
EUR_USD,2015-02-15 22:00:00,1.13196,32.976676942121045,34.28138035646572,0.0111447139103269
EUR_USD,2015-02-16 22:00:00,1.1322,33.10143865357816,35.53912274048806,0.011507771128261493
EUR_USD,2015-02-17 22:00:00,1.13342,33.749943854653665,33.300643801604544,0.011090216902609192
EUR_USD,2015-02-18 22:00:00,1.13554,34.884639585678144,40.46949750896248,0.011190173522087354
EUR_USD,2015-02-19 22:00:00,1.12792,32.79603205417381,40.82349475243038,0.01044813881766987
EUR_USD,2015-02-22 22:00:00,1.12954,33.66944481285408,34.93695866602882,0.010708511054135882
EUR_USD,2015-02-23 22:00:00,1.12886,33.48050054845558,17.102185773723573,0.009822808843308719
EUR_USD,2015-02-24 22:00:00,1.13358,36.057097259316286,12.36285219500602,0.009866247074646985
EUR_USD,2015-02-25 22:00:00,1.11838,31.936084238045723,-9.706613138656046,0.00877299765971758
EUR_USD,2015-02-26 22:00:00,1.1176,31.74349049364706,-11.846904471306233,0.008246398127774071
EUR_USD,2015-03-01 22:00:00,1.11601,31.344876217000774,-20.27600373206231,0.007887118502219272
EUR_USD,2015-03-02 22:00:00,1.11546,31.204657364178914,-7.305935239488765,0.007459694801775447
EUR_USD,2015-03-03 22:00:00,1.10618,28.94461697248971,-16.885357060428486,0.006577755841420357
EUR_USD,2015-03-04 22:00:00,1.09876,27.30864407101369,-22.084442759889516,0.006326204673136284
EUR_USD,2015-03-05 22:00:00,1.0841,24.48061456193551,-34.09275114292618,0.0059689637385090255
EUR_USD,2015-03-08 21:00:00,1.08232,24.16627231477858,-22.760632321135233,0.0062451709908072145
EUR_USD,2015-03-09 21:00:00,1.0693,22.026173924665017,-22.984068384975313,0.00564813679264578
EUR_USD,2015-03-10 21:00:00,1.05112,19.528176845781985,-16.259186657264557,0.0050025094341166415
EUR_USD,2015-03-11 21:00:00,1.04946,19.32119874583792,-17.696751580987698,0.0074520075472933114
EUR_USD,2015-03-12 21:00:00,1.04624,18.918826577752142,-13.291980989633961,0.008763606037834621
EUR_USD,2015-03-15 21:00:00,1.04698,19.318281804804556,-5.132707556783239,0.010154884830267687
EUR_USD,2015-03-16 21:00:00,1.05514,23.611264146152934,-0.41532568890795724,0.011747907864214133
EUR_USD,2015-03-17 21:00:00,1.05801,25.06204165852847,6.467966384267275,0.019400326291371332
EUR_USD,2015-03-18 21:00:00,1.06133,26.727343165882857,11.4512202772899,0.02231426103309708
EUR_USD,2015-03-19 21:00:00,1.06496,28.523910910208286,15.143869347341179,0.023237408826477644
EUR_USD,2015-03-22 21:00:00,1.07675,33.96407918988595,22.192332716845456,0.02502792706118215
EUR_USD,2015-03-23 21:00:00,1.08904,38.972901328843086,32.4700767330234,0.02526034164894571
EUR_USD,2015-03-24 21:00:00,1.09009,39.37928579046538,41.80111688943538,0.02269227331915659
EUR_USD,2015-03-25 21:00:00,1.08564,38.26222062000102,47.62665449027441,0.021187818655325253
EUR_USD,2015-03-26 21:00:00,1.08014,36.92305515775181,46.713214654645576,0.01879825492426023
EUR_USD,2015-03-29 21:00:00,1.081,37.27814803446665,46.08347266413858,0.016918603939408156
EUR_USD,2015-03-30 21:00:00,1.07132,34.98489464714993,40.801135284042125,0.014250883151526552
EUR_USD,2015-03-31 21:00:00,1.07186,35.21488763263841,39.30882459439744,0.013136706521221248
EUR_USD,2015-04-01 21:00:00,1.07502,36.57316951999664,40.178627069000406,0.014247365216976973
EUR_USD,2015-04-02 21:00:00,1.08642,41.1758554252572,51.40119046591273,0.016935892173581577
EUR_USD,2015-04-05 21:00:00,1.09102,42.905314352984995,63.7467078896143,0.016976713738865293
EUR_USD,2015-04-06 21:00:00,1.08034,40.07542505108954,66.79262567273578,0.014473370991092216
EUR_USD,2015-04-07 21:00:00,1.07634,39.07682939312125,61.021413031031976,0.013262696792873747
EUR_USD,2015-04-08 21:00:00,1.0638,36.15508807719348,45.43684873468476,0.011118157434298996
EUR_USD,2015-04-09 21:00:00,1.05678,34.65455490495515,31.94778426657526,0.009802525947439194
EUR_USD,2015-04-12 21:00:00,1.05205,33.68024154033898,11.905035330950737,0.00887002075795134
EUR_USD,2015-04-13 21:00:00,1.05314,34.12178026918322,-0.22309318449097107,0.010834016606361092
EUR_USD,2015-04-14 21:00:00,1.05707,35.71804261427006,-5.627607776153127,0.012087213285088898
EUR_USD,2015-04-15 21:00:00,1.06246,37.854487340089506,1.5207817230935925,0.01461177062807112
EUR_USD,2015-04-16 21:00:00,1.0734,41.908341825583754,15.462427745664485,0.01617341650245692
EUR_USD,2015-04-19 21:00:00,1.07125,41.35983557778288,25.22020368841162,0.014710733201965554
EUR_USD,2015-04-20 21:00:00,1.06599,40.03373119301769,27.649325626204114,0.013146586561572457
EUR_USD,2015-04-21 21:00:00,1.07088,41.82748613675412,25.91522157996143,0.013331269249257972
EUR_USD,2015-04-22 21:00:00,1.0666,40.72450010499414,22.960165463708506,0.013401015399406361
EUR_USD,2015-04-23 21:00:00,1.07848,44.896848945276595,32.09710798920318,0.01540481231952509
EUR_USD,2015-04-26 21:00:00,1.08194,46.04117757750226,40.336613892454515,0.015161849855620057
EUR_USD,2015-04-27 21:00:00,1.08602,47.37432845222862,54.186278704892096,0.015565479884496086
EUR_USD,2015-04-28 21:00:00,1.09597,50.46206950994886,59.78751133012164,0.01901238390759686
EUR_USD,2015-04-29 21:00:00,1.10712,53.616913651154334,65.88693744371233,0.021343907126077484
EUR_USD,2015-04-30 21:00:00,1.1175,56.29728059920391,73.05403080532436,0.021467125700861983
EUR_USD,2015-05-03 21:00:00,1.1123,54.660328047219146,77.59841056896157,0.018167700560689618
EUR_USD,2015-05-04 21:00:00,1.10663,52.92449338725412,76.56149091244568,0.01654216044855166
EUR_USD,2015-05-05 21:00:00,1.11751,55.71608100290375,73.7944176830734,0.019311728358841315
EUR_USD,2015-05-06 21:00:00,1.12373,57.21651589662117,75.27537421830807,0.01978738268707305
EUR_USD,2015-05-07 21:00:00,1.11791,55.399604987054516,77.0169451744919,0.016891906149658468
EUR_USD,2015-05-10 21:00:00,1.1131,53.93530285658435,74.56502387310827,0.014071524919726788
EUR_USD,2015-05-11 21:00:00,1.11345,54.0267721340207,69.23180110775206,0.014221219935781442
EUR_USD,2015-05-12 21:00:00,1.12027,55.7960956346165,68.93895461410766,0.016346975948625164
EUR_USD,2015-05-13 21:00:00,1.13407,59.09167598115544,74.69484031179361,0.017911580758900092
EUR_USD,2015-05-14 21:00:00,1.1324,58.54525967410992,79.86359394924852,0.016855264607120102
EUR_USD,2015-05-17 21:00:00,1.12985,57.702432687013435,81.20135927388827,0.016008211685696053
EUR_USD,2015-05-18 21:00:00,1.1119,52.22733249845191,70.37286612758315,0.013364569348556857
EUR_USD,2015-05-19 21:00:00,1.10626,50.66475417495939,58.629829290206665,0.011371655478845454
EUR_USD,2015-05-20 21:00:00,1.10799,51.128722040374974,46.12894709884471,0.011471324383076374
EUR_USD,2015-05-21 21:00:00,1.10022,48.98819737247391,36.017383018996775,0.011747059506461106
EUR_USD,2015-05-24 21:00:00,1.09592,47.8415465073401,24.940085192406386,0.009557647605168912
EUR_USD,2015-05-25 21:00:00,1.08633,45.390357738116435,3.9593274201765065,0.008094118084135134
EUR_USD,2015-05-26 21:00:00,1.08191,44.30797618826252,-6.8135525271383015,0.007793294467308082
EUR_USD,2015-05-27 21:00:00,1.08672,45.76394127605681,-11.375924954724296,0.009030635573846486
EUR_USD,2015-05-28 21:00:00,1.09259,47.49678786995029,-0.8229060985235384,0.01000850845907722
EUR_USD,2015-05-31 21:00:00,1.08873,46.486440425058824,3.021079923345502,0.009272806767261766
EUR_USD,2015-06-01 21:00:00,1.09163,47.35676850972795,5.788524405365678,0.013564245413809399
EUR_USD,2015-06-02 21:00:00,1.10794,51.90744754533754,14.440311126141227,0.018229396331047493
EUR_USD,2015-06-03 21:00:00,1.12221,55.39715853015464,33.3107879607709,0.02059551706483799
EUR_USD,2015-06-04 21:00:00,1.10493,50.78124173944083,40.80712433772946,0.017634413651870386
EUR_USD,2015-06-07 21:00:00,1.10844,51.62817576978524,41.088941494758075,0.01925553092149633
EUR_USD,2015-06-08 21:00:00,1.12142,54.61572561420021,40.6436703866531,0.020634424737197045
EUR_USD,2015-06-09 21:00:00,1.126,55.61632446686014,52.51944538383489,0.01995553978975762
EUR_USD,2015-06-10 21:00:00,1.11824,53.54708873917667,58.04306166159378,0.017400431831806135
EUR_USD,2015-06-11 21:00:00,1.11512,52.73108801128901,54.946337422614796,0.01620634546544492
EUR_USD,2015-06-14 21:00:00,1.11893,53.623864766885255,53.743378552036546,0.01582907637235596
EUR_USD,2015-06-15 21:00:00,1.1205,53.99427001219744,57.9383576402109,0.015473261097884793
EUR_USD,2015-06-16 21:00:00,1.12053,54.00153225556469,63.457273320286994,0.01543860887830781
EUR_USD,2015-06-17 21:00:00,1.13306,56.938512171461696,70.04365059005663,0.01697088710264623
EUR_USD,2015-06-18 21:00:00,1.12922,55.808810457811525,73.32303146832925,0.014988709682116998
EUR_USD,2015-06-21 21:00:00,1.1312,56.27159467096442,77.75994292848223,0.014354967745693632
EUR_USD,2015-06-22 21:00:00,1.11348,51.298055626156675,66.11973128827059,0.012191974196554925
EUR_USD,2015-06-23 21:00:00,1.11547,51.79304810124627,57.00240490465976,0.011757579357243924
EUR_USD,2015-06-24 21:00:00,1.1154,51.77389974955744,45.82815816902532,0.010872063485795152
EUR_USD,2015-06-25 21:00:00,1.11302,51.10929719303602,43.62329369892663,0.010011650788636115
EUR_USD,2015-06-28 21:00:00,1.09546,46.54862557681173,29.631090944959535,0.013455320630908867
EUR_USD,2015-06-29 21:00:00,1.11124,50.64296375859762,23.098056062353738,0.016560256504727096
EUR_USD,2015-06-30 21:00:00,1.1043,48.93750057953208,12.752746027033671,0.014426205203781668
EUR_USD,2015-07-01 21:00:00,1.10324,48.67848259649383,13.133426313342525,0.01311296416302533
EUR_USD,2015-07-02 21:00:00,1.10653,49.5360779571145,9.48396094839598,0.012196371330420251
EUR_USD,2015-07-05 21:00:00,1.097,47.173939554917055,5.0528517123365,0.01184909706433623
EUR_USD,2015-07-06 21:00:00,1.09164,45.90044879039494,-2.5692104762488985,0.011251277651469003
EUR_USD,2015-07-07 21:00:00,1.09743,47.48467339908383,-8.406317838161602,0.012537022121175231
EUR_USD,2015-07-08 21:00:00,1.09918,47.96114124531479,-6.774459166105256,0.013049617696940208
EUR_USD,2015-07-09 21:00:00,1.10312,49.03804049849754,1.818998428026167,0.014921694157552175
EUR_USD,2015-07-12 21:00:00,1.09957,48.11006052595925,3.4209147391273222,0.01525735532604173
EUR_USD,2015-07-13 21:00:00,1.09654,47.319413966923584,1.4447189160866916,0.013985884260833411
EUR_USD,2015-07-14 21:00:00,1.093,46.39784429222847,-6.130698405569224,0.012594707408666705
EUR_USD,2015-07-15 21:00:00,1.08556,44.513028585709854,-13.325884170907024,0.010729765926933385
EUR_USD,2015-07-16 21:00:00,1.08286,43.84437821463991,-14.386543674532541,0.00960781274154671
EUR_USD,2015-07-19 21:00:00,1.08088,43.350375323204055,-11.266801406217738,0.008518250193237402
EUR_USD,2015-07-20 21:00:00,1.08117,43.44691990444185,-5.213085234482947,0.010026600154589914
EUR_USD,2015-07-21 21:00:00,1.08694,45.36344813743557,1.1929999421819237,0.01112728012367194
EUR_USD,2015-07-22 21:00:00,1.09218,47.04926232162328,9.899831834466697,0.011877824098937555
EUR_USD,2015-07-23 21:00:00,1.09254,47.165124470711895,18.21305841924413,0.010968259279150057
EUR_USD,2015-07-26 21:00:00,1.0969,48.57490627905195,26.358566585740647,0.01286660742332003
EUR_USD,2015-07-27 21:00:00,1.10224,50.25659176646972,36.036009622133534,0.01290528593865604
EUR_USD,2015-07-28 21:00:00,1.09672,48.558519386356345,40.773063680618826,0.011560228750924804
EUR_USD,2015-07-29 21:00:00,1.08934,46.39064498675092,35.20589730554146,0.009692183000739867
EUR_USD,2015-07-30 21:00:00,1.09214,47.31383311345108,26.648025758346108,0.012165746400591888
EUR_USD,2015-08-02 21:00:00,1.09412,47.96928353941245,24.44500932045429,0.01123059712047351
EUR_USD,2015-08-03 21:00:00,1.08792,46.11105937687726,23.241823419759516,0.009912477696378803
EUR_USD,2015-08-04 21:00:00,1.08482,45.2052904943509,17.039484833079133,0.009029982157103055
EUR_USD,2015-08-05 21:00:00,1.08734,46.095716182443084,11.294695814268778,0.00913798572568246
EUR_USD,2015-08-06 21:00:00,1.08554,45.54878700981681,9.417211224778255,0.009412388580545973
EUR_USD,2015-08-09 21:00:00,1.09254,48.02949829846358,18.394085752039196,0.011251910864436783
EUR_USD,2015-08-10 21:00:00,1.09607,49.23599045642393,29.062287228156787,0.012265528691549406
EUR_USD,2015-08-11 21:00:00,1.10243,51.341382728894516,43.321670661775876,0.014876422953239527
EUR_USD,2015-08-12 21:00:00,1.108,53.103515905758634,54.09702367846385,0.015201138362591614
EUR_USD,2015-08-13 21:00:00,1.1098,53.66447809641466,62.57877703968649,0.014336910690073293
EUR_USD,2015-08-16 21:00:00,1.10588,52.25626464803932,65.51694770907837,0.01200752855205865
EUR_USD,2015-08-17 21:00:00,1.10174,50.799861410086706,57.149855816957334,0.010306022841646932
EUR_USD,2015-08-18 21:00:00,1.10178,50.813563018271424,47.29005081225396,0.010584818273317555
EUR_USD,2015-08-19 21:00:00,1.11072,53.789003942233414,47.83569058945912,0.013007854618654034
EUR_USD,2015-08-20 21:00:00,1.12296,57.43584735416298,57.13198295311466,0.01603428369492324
EUR_USD,2015-08-23 21:00:00,1.13696,61.07094072114413,63.049607640233326,0.022519426955938584
EUR_USD,2015-08-24 21:00:00,1.13969,61.73024385671548,62.99450683508659,0.02305954156475087
EUR_USD,2015-08-25 21:00:00,1.1292,57.83665157939986,56.54561487894829,0.021737633251800666
EUR_USD,2015-08-26 21:00:00,1.12034,54.815731843288496,49.88375821709159,0.018844106601440556
EUR_USD,2015-08-27 21:00:00,1.1156,53.275688333151464,40.22767356100686,0.017203285281152485
EUR_USD,2015-08-28 21:00:00,1.11841,54.06710076438871,35.90267756934416,0.014326628224921999
EUR_USD,2015-08-30 21:00:00,1.11704,53.6091316057645,34.5799262465929,0.013227302579937579
EUR_USD,2015-08-31 21:00:00,1.12084,54.70989199354217,36.113921406463696,0.013821842063950061
EUR_USD,2015-09-01 21:00:00,1.12167,54.95141538220275,36.38117973293259,0.01327547365116006
EUR_USD,2015-09-02 21:00:00,1.10874,50.602587211212644,30.261183438341572,0.011154378920928038
EUR_USD,2015-09-03 21:00:00,1.10898,50.67753763436059,21.072390523639445,0.011013503136742401
EUR_USD,2015-09-06 21:00:00,1.11216,51.682417666278255,13.425309121695369,0.010568802509393892
EUR_USD,2015-09-07 21:00:00,1.11526,52.655164682251055,14.212209097682786,0.010613042007515085
EUR_USD,2015-09-08 21:00:00,1.11318,51.929503684401325,16.1062801932368,0.009766433606012079
EUR_USD,2015-09-09 21:00:00,1.11719,53.21538291020711,18.536231884057994,0.01108514688480965
EUR_USD,2015-09-10 21:00:00,1.12544,55.73544098168099,23.454106280193297,0.012418117507847751
EUR_USD,2015-09-13 21:00:00,1.12834,56.58580817371117,30.77777777777776,0.012312494006278193
EUR_USD,2015-09-14 21:00:00,1.12588,55.647689337283815,31.37719448314068,0.010759995205022566
EUR_USD,2015-09-15 21:00:00,1.1214,53.96227475992306,25.349014128873364,0.009845996164018038
EUR_USD,2015-09-16 21:00:00,1.12846,56.12844498539124,21.905865784346513,0.01242279693121446
EUR_USD,2015-09-17 21:00:00,1.12693,55.54255701440745,23.910139201793726,0.013450237544971573
EUR_USD,2015-09-20 21:00:00,1.11813,52.29465181162022,23.197497858439494,0.01198219003597727
EUR_USD,2015-09-21 21:00:00,1.11134,49.96262734487646,13.088387849384603,0.010117752028781794
EUR_USD,2015-09-22 21:00:00,1.11054,49.69253612987774,1.52620570821602,0.01009620162302545
EUR_USD,2015-09-23 21:00:00,1.11646,51.69167138807131,1.1890606420930516,0.011888961298420332
EUR_USD,2015-09-24 21:00:00,1.11163,50.014212553959155,1.4764169639320333,0.010743169038736254
EUR_USD,2015-09-27 21:00:00,1.11469,51.05517633032821,5.588585017835979,0.011224535230989003
EUR_USD,2015-09-28 21:00:00,1.11941,52.62931354445467,8.511692429647313,0.011673628184791222
EUR_USD,2015-09-29 21:00:00,1.11574,51.30216708986548,12.584225128815014,0.010692902547832967
EUR_USD,2015-09-30 21:00:00,1.1135,50.49813807358196,11.405073325406354,0.009590322038266366
EUR_USD,2015-10-01 21:00:00,1.11506,51.05082755831527,6.892780316954682,0.011340257630613098
EUR_USD,2015-10-04 21:00:00,1.11736,51.87042053649973,8.311066613250047,0.01185020610449047
EUR_USD,2015-10-05 21:00:00,1.11722,51.81578962427493,11.809295830839666,0.01160016488359241
EUR_USD,2015-10-06 21:00:00,1.12116,53.24929168486088,17.893476959904092,0.011522131906873918
EUR_USD,2015-10-07 21:00:00,1.12347,54.07790945112364,23.98763215639328,0.011533705525499165
EUR_USD,2015-10-08 21:00:00,1.12672,55.23274760458745,33.46299620985412,0.01227696442039933
EUR_USD,2015-10-11 21:00:00,1.13543,58.15049600071026,47.69599042489502,0.012411571536319468
EUR_USD,2015-10-12 21:00:00,1.13444,57.7082482966833,58.63754238978621,0.011063257229055589
EUR_USD,2015-10-13 21:00:00,1.13776,58.79538502829821,67.64520177055063,0.011746605783244482
EUR_USD,2015-10-14 21:00:00,1.13632,58.1249773834204,66.29007936831975,0.011749284626595585
EUR_USD,2015-10-15 21:00:00,1.13344,56.78534619596501,63.32217295641009,0.010063427701276467
EUR_USD,2015-10-18 21:00:00,1.13056,55.46298841286981,56.446370530877395,0.008946742161021181
EUR_USD,2015-10-19 21:00:00,1.1324,56.13805892372816,52.90718671000351,0.008781393728816927
EUR_USD,2015-10-20 21:00:00,1.13342,56.516033701553575,50.65946911452937,0.008095114983053535
EUR_USD,2015-10-21 21:00:00,1.11002,46.92036403732078,26.64458301165148,0.006812091986442809
EUR_USD,2015-10-22 21:00:00,1.09966,43.53497149930081,-0.656484347826364,0.006241673589154241
EUR_USD,2015-10-25 21:00:00,1.09985,43.61215957676416,-17.42677575315848,0.0064293388713233856
EUR_USD,2015-10-26 21:00:00,1.10303,44.91590755117918,-7.682629100250125,0.006749471097058705
EUR_USD,2015-10-27 21:00:00,1.08971,40.82572705007581,-5.3068665181283885,0.0067135768776469575
EUR_USD,2015-10-28 21:00:00,1.09027,41.05916188258837,-6.420103834632065,0.007146861502117566
EUR_USD,2015-10-29 21:00:00,1.09653,43.63065452062376,-6.019575303798489,0.009119489201694047
EUR_USD,2015-11-01 22:00:00,1.10005,45.025799959977846,5.432748538011823,0.009041591361355218
EUR_USD,2015-11-02 22:00:00,1.09362,43.014030563624274,7.391812865497176,0.00782527308908419
EUR_USD,2015-11-03 22:00:00,1.08442,40.345846978846694,0.3099415204679183,0.006896218471267345
EUR_USD,2015-11-04 22:00:00,1.08339,40.05806197675919,-5.744098913102931,0.0065929747770139095
EUR_USD,2015-11-05 22:00:00,1.07072,36.72464549001009,-14.740545221170777,0.006472379821611116
EUR_USD,2015-11-08 22:00:00,1.072,37.270190048513285,-10.430495207188873,0.006837903857288933
EUR_USD,2015-11-09 22:00:00,1.06744,36.1224309590527,-11.192645367688828,0.00635432308583112
EUR_USD,2015-11-10 22:00:00,1.07056,37.48508554714034,-3.581749073097653,0.007071458468664908
EUR_USD,2015-11-11 22:00:00,1.06912,37.1071427502464,-4.718694115624721,0.00817916677493193
EUR_USD,2015-11-12 22:00:00,1.07144,38.14653706044273,-2.7276990404716783,0.009059333419945552
EUR_USD,2015-11-15 22:00:00,1.06749,37.067576500629784,-4.390042354691741,0.008127466735956435
EUR_USD,2015-11-16 22:00:00,1.0631,35.900129568071975,-5.456743145439012,0.006815973388765118
EUR_USD,2015-11-17 22:00:00,1.06173,35.53878227772415,-6.1865886413538105,0.006684778711012128
EUR_USD,2015-11-18 22:00:00,1.06554,37.352867351239645,-2.8716622691985805,0.008279822968809683
EUR_USD,2015-11-19 22:00:00,1.06406,36.9351723565925,-0.3292912755103865,0.00828985837504778
EUR_USD,2015-11-22 22:00:00,1.0593,35.61028407806536,-2.6134315472276635,0.006971886700038231
EUR_USD,2015-11-23 22:00:00,1.06196,36.918380928902366,-4.682152419712734,0.007189509360030622
EUR_USD,2015-11-24 22:00:00,1.05667,35.43729175504852,-9.847211441879862,0.0071496074880245085
EUR_USD,2015-11-25 22:00:00,1.06002,37.09064697725104,-8.2418960701171,0.006935685990419624
EUR_USD,2015-11-26 22:00:00,1.05683,36.178009635092835,-10.29006224181004,0.006312548792335687
EUR_USD,2015-11-29 22:00:00,1.05578,35.87741800796354,-7.4920397213739465,0.005586039033868553
EUR_USD,2015-11-30 22:00:00,1.05634,36.170021089059766,-5.927419167123147,0.006060831227094836
EUR_USD,2015-12-01 22:00:00,1.05508,35.789889443965606,-4.310057482480163,0.006300664981675878
EUR_USD,2015-12-02 22:00:00,1.05237,34.97212304221331,-5.3032299119506225,0.013650531985340709
EUR_USD,2015-12-03 22:00:00,1.08363,48.90372573304447,16.640828354977565,0.01957842558827258
EUR_USD,2015-12-06 22:00:00,1.07962,47.55181729103766,36.68515392653341,0.01668474047061805
EUR_USD,2015-12-07 22:00:00,1.08304,48.80056720937842,61.33751306165109,0.015473792376494426
EUR_USD,2015-12-08 22:00:00,1.08794,50.545753714711175,61.54096822838005,0.01663303390119552
EUR_USD,2015-12-09 22:00:00,1.09253,52.12702708367631,68.17854986976099,0.016210427120956432
EUR_USD,2015-12-10 22:00:00,1.09266,52.17183358407554,72.15809723679618,0.015082341696765141
EUR_USD,2015-12-13 22:00:00,1.09456,52.83920143640194,76.4756844177374,0.014509873357412138
EUR_USD,2015-12-14 22:00:00,1.09046,51.24306446551251,74.22700656118273,0.013891898685929709
EUR_USD,2015-12-15 22:00:00,1.08876,50.58760423640864,70.73842863804926,0.01326151894874376
EUR_USD,2015-12-16 22:00:00,1.08026,47.448355841350164,60.489321438226604,0.011137215158995005
EUR_USD,2015-12-17 22:00:00,1.08049,47.53948268011711,53.751013787510175,0.010349772127196025
EUR_USD,2015-12-20 22:00:00,1.08478,49.23792981868849,51.06109759394443,0.010963817701756817
EUR_USD,2015-12-21 22:00:00,1.09024,51.31326718127383,57.806163828061834,0.011499054161405429
EUR_USD,2015-12-22 22:00:00,1.087,50.05697796807432,62.20600162206021,0.010297243329124342
EUR_USD,2015-12-23 22:00:00,1.0904,51.3499827338333,66.00432549337675,0.01018579466329949
EUR_USD,2015-12-27 22:00:00,1.09535,53.17575105184341,69.4579616112464,0.009920635730639565
EUR_USD,2015-12-28 22:00:00,1.08993,51.00747852209327,71.43822654771579,0.008702508584511652
EUR_USD,2015-12-29 22:00:00,1.09021,51.11400723403137,70.123424707919,0.007856006867609316
EUR_USD,2015-12-30 22:00:00,1.0853,49.1743618618181,61.7752767059681,0.006982805494087452
EUR_USD,2016-01-03 22:00:00,1.07812,46.504762765205044,32.81711653779676,0.007454244395269987
EUR_USD,2016-01-04 22:00:00,1.07106,44.07107705580524,-5.231050518322167,0.007117395516216001
EUR_USD,2016-01-05 22:00:00,1.07152,44.26766220518413,-26.385422857095453,0.007469916412972801
EUR_USD,2016-01-06 22:00:00,1.07713,46.63415886762178,-17.294098089205537,0.010475933130378234
EUR_USD,2016-01-07 22:00:00,1.08032,47.93462403141569,5.280528052805132,0.011626746504302624
EUR_USD,2016-01-10 22:00:00,1.08478,49.70721480261162,19.397423613329,0.012637397203442105
EUR_USD,2016-01-11 22:00:00,1.08198,48.63192054796278,24.560843181092263,0.011161917762753649
EUR_USD,2016-01-12 22:00:00,1.0805,48.06339591122182,24.752475247524785,0.010289534210202947
EUR_USD,2016-01-13 22:00:00,1.08348,49.298008475546,25.05837065230782,0.010995627368162347
EUR_USD,2016-01-14 22:00:00,1.08547,50.1171676816539,31.91607711061847,0.011792501894529876
EUR_USD,2016-01-17 22:00:00,1.08692,50.71733953667617,42.31499366338716,0.010900001515623915
EUR_USD,2016-01-18 22:00:00,1.08595,50.298539334078,46.53653246577216,0.010120001212499112
EUR_USD,2016-01-19 22:00:00,1.08774,51.06985381683621,49.613664091094115,0.010426000969999278
EUR_USD,2016-01-20 22:00:00,1.07778,46.881942328165586,37.223803714246905,0.009228800775999423
EUR_USD,2016-01-21 22:00:00,1.07892,47.39273816275831,27.694184627897574,0.009359040620799562
EUR_USD,2016-01-24 22:00:00,1.07874,47.318414644943616,15.494103294022098,0.00884323249663965
EUR_USD,2016-01-25 22:00:00,1.08188,48.76829986894096,21.08381896669928,0.008814585997311707
EUR_USD,2016-01-26 22:00:00,1.08506,50.204084300561156,29.880606956681618,0.00900766879784939
EUR_USD,2016-01-27 22:00:00,1.08699,51.06512250760737,41.62561403165737,0.009550135038279547
EUR_USD,2016-01-28 22:00:00,1.081,48.379278078844926,40.68936527952888,0.009214108030623648
EUR_USD,2016-01-31 22:00:00,1.08148,48.60337133127218,35.67325206669447,0.009427286424498933
EUR_USD,2016-02-01 22:00:00,1.08858,51.80483477828118,37.901078884685504,0.010045829139599165
EUR_USD,2016-02-02 22:00:00,1.09038,52.57950596385948,40.28306282168649,0.01322866331167933
EUR_USD,2016-02-03 22:00:00,1.10698,58.88442025360012,51.43811305843928,0.017282930649343484
EUR_USD,2016-02-04 22:00:00,1.1109,60.17783906150035,55.1186841403647,0.01738234451947477
EUR_USD,2016-02-07 22:00:00,1.10867,59.08402159391283,65.4028431497748,0.01604187561557982
EUR_USD,2016-02-08 22:00:00,1.11624,61.538975741792065,67.28267073175526,0.017867500492463842
EUR_USD,2016-02-09 22:00:00,1.11604,61.43822541110066,66.56658553375503,0.017278000393971083
EUR_USD,2016-02-10 22:00:00,1.12742,64.82770089996855,72.51574826205497,0.018146400315176864
EUR_USD,2016-02-11 22:00:00,1.12141,61.8572553305347,73.99090815333929,0.015709120252141485
EUR_USD,2016-02-14 22:00:00,1.11282,57.93239327141345,70.68197395476372,0.013229296201713174
EUR_USD,2016-02-15 22:00:00,1.11242,57.755862706272836,62.11446196024685,0.011881436961370562
EUR_USD,2016-02-16 22:00:00,1.11062,56.9480456173459,55.95156499885773,0.010605149569096462
EUR_USD,2016-02-17 22:00:00,1.1071,55.381036737358116,52.68448709161535,0.009354119655277184
EUR_USD,2016-02-18 22:00:00,1.10668,55.19357568636364,49.405985835047005,0.008849295724221771
EUR_USD,2016-02-21 22:00:00,1.10034,52.422605865923636,41.982707065005854,0.008241436579377391
EUR_USD,2016-02-22 22:00:00,1.09902,51.86181758590066,35.76111424693287,0.007581149263501902
EUR_USD,2016-02-23 22:00:00,1.09574,50.47387923278499,27.76960784313754,0.007184919410801488
EUR_USD,2016-02-24 22:00:00,1.0987,51.68108348089633,26.764705882353173,0.0075979355286411865
EUR_USD,2016-02-25 22:00:00,1.0912,48.577426240717905,21.973039215686413,0.007704348422912944
EUR_USD,2016-02-28 22:00:00,1.08593,46.54556942871177,12.497541022934662,0.007171478738330387
EUR_USD,2016-02-29 22:00:00,1.08342,45.60570728577817,0.17389384634629668,0.006423182990664318
EUR_USD,2016-03-01 22:00:00,1.08256,45.281624624972146,-7.434705623691316,0.00607854639253144
EUR_USD,2016-03-02 22:00:00,1.08538,46.56957503791454,-6.503274045996604,0.007806837114025166
EUR_USD,2016-03-03 22:00:00,1.09036,48.772368196195124,-1.2767629149481754,0.010041469691220132
EUR_USD,2016-03-06 22:00:00,1.094,50.32101749612288,6.213579519413224,0.010477175752976086
EUR_USD,2016-03-07 22:00:00,1.09936,52.50805109909542,15.366987494270775,0.01073774060238085
EUR_USD,2016-03-08 22:00:00,1.09461,50.47111349149196,18.149675898644574,0.009416192481904718
EUR_USD,2016-03-09 22:00:00,1.08223,45.692050375847984,10.17162669790805,0.012974953985523768
EUR_USD,2016-03-10 22:00:00,1.10806,54.90775869394585,20.622978248403072,0.018125963188419
EUR_USD,2016-03-13 21:00:00,1.10778,54.80347167169329,35.46523581593482,0.016424770550735195
EUR_USD,2016-03-14 21:00:00,1.1072,54.58132803972185,58.13366181841752,0.01408781644058815
EUR_USD,2016-03-15 21:00:00,1.10578,54.02667974342306,56.34146564014805,0.014680253152470523
EUR_USD,2016-03-16 21:00:00,1.12052,58.54974813531951,60.056107168990685,0.017436202521976404
EUR_USD,2016-03-17 21:00:00,1.12564,59.96509164390456,67.91576612620197,0.016588962017581144
EUR_USD,2016-03-20 21:00:00,1.12346,59.076586661254964,76.7670386748087,0.013839169614064907
EUR_USD,2016-03-21 21:00:00,1.11886,57.22571135711346,75.60188109777495,0.011579335691251923
EUR_USD,2016-03-22 21:00:00,1.11596,56.07985010618452,68.8074682389275,0.00996346855300155
EUR_USD,2016-03-23 21:00:00,1.11446,55.485372015366146,62.49034884537101,0.00853477484240125
EUR_USD,2016-03-24 21:00:00,1.1154,55.78919267777992,60.06176738962591,0.0075678198739210075
EUR_USD,2016-03-27 21:00:00,1.11531,55.75150415983342,59.60553098898014,0.0073742558991368385
EUR_USD,2016-03-28 21:00:00,1.11691,56.294499139778495,61.32519126833725,0.008909404719309472
EUR_USD,2016-03-29 21:00:00,1.12839,59.94304952519198,69.06617436575051,0.011057523775447567
EUR_USD,2016-03-30 21:00:00,1.13104,60.725968773272584,74.93764902829925,0.01140401902035807
EUR_USD,2016-03-31 21:00:00,1.13348,61.44376458407774,79.41045113505298,0.011677215216286447
EUR_USD,2016-04-03 21:00:00,1.13578,62.11888227678999,78.7947248520278,0.010897772173029136
EUR_USD,2016-04-04 21:00:00,1.13359,61.06565661239656,78.44842916613264,0.009668217738423315
EUR_USD,2016-04-05 21:00:00,1.13272,60.64310706636836,77.71701982228304,0.00965257419073865
EUR_USD,2016-04-06 21:00:00,1.13378,60.98338987724624,72.79913168911641,0.010262059352590952
EUR_USD,2016-04-07 21:00:00,1.13491,61.35189476140787,70.6139606928631,0.009841647482072752
EUR_USD,2016-04-10 21:00:00,1.13722,62.10871005225971,71.27579027067925,0.009843317985658184
EUR_USD,2016-04-11 21:00:00,1.1346,60.713751424118996,71.14053857272934,0.009730654388526584
EUR_USD,2016-04-12 21:00:00,1.12682,56.7952298515859,59.15507432459969,0.008700523510821274
EUR_USD,2016-04-13 21:00:00,1.12341,55.1804314729145,41.18306251024334,0.007494418808657054
EUR_USD,2016-04-14 21:00:00,1.12459,55.63200361823932,27.91708458709454,0.0076555350469256385
EUR_USD,2016-04-17 21:00:00,1.12738,56.699095689541494,28.54117909283411,0.007848428037540526
EUR_USD,2016-04-18 21:00:00,1.13036,57.82001365195134,36.28663769085036,0.008494742430032415
EUR_USD,2016-04-19 21:00:00,1.12908,57.162499604034984,41.29053828151134,0.008483793944025934
EUR_USD,2016-04-20 21:00:00,1.12695,56.064982176369796,40.81132285746124,0.008951035155220713
EUR_USD,2016-04-21 21:00:00,1.12182,53.50545753803589,31.293881644934817,0.007946828124176613
EUR_USD,2016-04-24 21:00:00,1.12182,53.50545753803589,19.988236221401657,0.007557462499341292
EUR_USD,2016-04-25 21:00:00,1.12562,55.12929755470491,13.574848751229721,0.008475969999473011
EUR_USD,2016-04-26 21:00:00,1.12718,55.78510168927928,14.985581941255383,0.008878775999578387
EUR_USD,2016-04-27 21:00:00,1.12962,56.80655290924566,22.906537007023317,0.009029020799662715
EUR_USD,2016-04-28 21:00:00,1.1348,58.8921798994804,35.305240410588894,0.010483216639730168
EUR_USD,2016-05-01 21:00:00,1.14485,62.52405515767889,52.20637153467937,0.012150573311784147
EUR_USD,2016-05-02 21:00:00,1.14958,64.0696179269942,64.90942940639327,0.013078458649427336
EUR_USD,2016-05-03 21:00:00,1.14666,62.42547016363906,68.17193618663426,0.011138766919541857
EUR_USD,2016-05-04 21:00:00,1.13861,58.16838805668111,58.0863887493721,0.009459013535633479
EUR_USD,2016-05-05 21:00:00,1.13868,58.19403371707973,48.96199564707832,0.009461210828506803
EUR_USD,2016-05-08 21:00:00,1.13752,57.588789783693976,41.31089904570553,0.008228968662805458
EUR_USD,2016-05-09 21:00:00,1.13588,56.72592511475937,39.025615268709124,0.00727517493024437
EUR_USD,2016-05-10 21:00:00,1.1369,57.13911101188689,37.53557676209612,0.00758013994419548
EUR_USD,2016-05-11 21:00:00,1.13707,57.209553797102764,37.15888163401973,0.007272111955356394
EUR_USD,2016-05-12 21:00:00,1.1283,52.596328132921926,30.81366147664494,0.005999689564285109
EUR_USD,2016-05-15 21:00:00,1.13024,53.45520839523706,25.238573581114952,0.005983751651428073
EUR_USD,2016-05-16 21:00:00,1.13022,53.44488129770581,19.50443663150837,0.00571900132114248
EUR_USD,2016-05-17 21:00:00,1.12144,49.13407222170972,13.761928679055586,0.004855201056913998
EUR_USD,2016-05-18 21:00:00,1.11801,47.58301614379538,3.761115806224476,0.004200160845531181
EUR_USD,2016-05-19 21:00:00,1.11964,48.384040072364485,-3.802698814819435,0.004514128676424956
EUR_USD,2016-05-22 21:00:00,1.11877,47.97920196354056,-4.7182726950550355,0.00455130294113995
EUR_USD,2016-05-23 21:00:00,1.11326,45.4856998399845,-7.442348008385992,0.00443104235291194
EUR_USD,2016-05-24 21:00:00,1.1129,45.326485227284905,-7.708495105831504,0.004232833882329574
EUR_USD,2016-05-25 21:00:00,1.11496,46.436340277165925,-5.830565414361253,0.005142267105863661
EUR_USD,2016-05-26 21:00:00,1.11112,44.687064214957445,-2.198879551820513,0.005137813684690932
EUR_USD,2016-05-29 21:00:00,1.1098,44.09636133745985,-2.4211036303188336,0.004780250947752739
EUR_USD,2016-05-30 21:00:00,1.11222,45.46358184832278,-2.3605719693123155,0.005334200758202225
EUR_USD,2016-05-31 21:00:00,1.11143,45.091168736576506,-0.2369311309487965,0.005703360606561773
EUR_USD,2016-06-01 21:00:00,1.11454,46.86376033301482,3.6868966156907312,0.006682688485249451
EUR_USD,2016-06-02 21:00:00,1.11368,46.43494261786102,5.3216393451842565,0.009918150788199537
EUR_USD,2016-06-05 21:00:00,1.13258,55.659099903499516,26.478569283421553,0.013054520630559644
EUR_USD,2016-06-06 21:00:00,1.13388,56.1958415223301,46.11077784443115,0.011537616504447732
EUR_USD,2016-06-07 21:00:00,1.13546,56.85252061323786,69.21428372553326,0.010666093203558179
EUR_USD,2016-06-08 21:00:00,1.13056,54.243670284141665,69.1645978955035,0.009756874562846568
EUR_USD,2016-06-09 21:00:00,1.12453,51.249779652868654,61.16834661665871,0.008125499650277264
EUR_USD,2016-06-12 21:00:00,1.12322,50.62186267555234,48.82054673721351,0.007652399720221809
EUR_USD,2016-06-13 21:00:00,1.1189,48.59090479433529,35.967813051146514,0.007443919776177405
EUR_USD,2016-06-14 21:00:00,1.11899,48.63531772390415,29.861111111111132,0.008143135820941914
EUR_USD,2016-06-15 21:00:00,1.11309,45.94361330397866,18.69488536155185,0.008616508656753535
EUR_USD,2016-06-16 21:00:00,1.1223,50.37844230567789,22.442680776014,0.010207206925402869
EUR_USD,2016-06-19 21:00:00,1.13024,53.761560450621964,34.84347442680761,0.011353765540322264
EUR_USD,2016-06-20 21:00:00,1.12421,51.028318395666034,47.10097001763654,0.010027012432257823
EUR_USD,2016-06-21 21:00:00,1.12368,50.793519338998635,48.62213403880049,0.009935609945806275
EUR_USD,2016-06-22 21:00:00,1.12967,53.30554796401667,47.639353012159866,0.011636487956645023
EUR_USD,2016-06-23 21:00:00,1.09117,39.7969742413194,12.095369429739222,0.011939190365316018
EUR_USD,2016-06-26 21:00:00,1.0971,42.13355661496715,-4.834643650342103,0.012993352292252805
EUR_USD,2016-06-27 21:00:00,1.10105,43.64083336073069,-24.84556802022127,0.013218681833802272
EUR_USD,2016-06-28 21:00:00,1.10494,45.09774153846871,-0.5292278085158424,0.012976945467041787
EUR_USD,2016-06-29 21:00:00,1.10244,44.33577553978776,3.7527062785662975,0.012485556373633402
EUR_USD,2016-06-30 21:00:00,1.10722,46.13585515166801,8.700184427872708,0.012888445098906713
EUR_USD,2016-07-03 21:00:00,1.10979,47.08755901223026,12.589206960147614,0.012058756079125365
EUR_USD,2016-07-04 21:00:00,1.10624,45.927986389029336,15.63627616069273,0.011425004863300262
EUR_USD,2016-07-05 21:00:00,1.10292,44.85923515787857,12.188276802180818,0.010124003890640217
EUR_USD,2016-07-06 21:00:00,1.10525,45.77532335535914,8.54783096784516,0.009663203112512207
EUR_USD,2016-07-07 21:00:00,1.10024,44.143995678618005,3.7366690722475333,0.00910056249000977
EUR_USD,2016-07-10 21:00:00,1.10156,44.68132558190857,2.6461390425788545,0.008720449992007792
EUR_USD,2016-07-11 21:00:00,1.10522,46.16675531649384,2.6220832331008865,0.00919635999360621
EUR_USD,2016-07-12 21:00:00,1.10424,45.82590815945948,5.829524496832756,0.00871308799488497
EUR_USD,2016-07-13 21:00:00,1.10884,47.70081734927975,11.667067596824715,0.009422470395907965
EUR_USD,2016-07-14 21:00:00,1.10251,45.46107808371753,9.494026140646383,0.008745976316726382
EUR_USD,2016-07-17 21:00:00,1.10376,45.979235748689064,9.10913318899853,0.008182781053381103
EUR_USD,2016-07-18 21:00:00,1.09998,44.6521386897852,2.004650789832374,0.007404224842704864
EUR_USD,2016-07-19 21:00:00,1.09816,44.019308773118354,-1.4834415844760918,0.0065353798741639045
EUR_USD,2016-07-20 21:00:00,1.09796,43.94850267138782,-6.134231416887321,0.006792303899331111
EUR_USD,2016-07-21 21:00:00,1.09556,43.088124157179266,-15.99749054064764,0.006663843119464865
EUR_USD,2016-07-24 21:00:00,1.09523,42.96847177871273,-17.02272677013293,0.006199074495571895
EUR_USD,2016-07-25 21:00:00,1.09784,44.235457488186555,-13.787685187138484,0.006513259596457527
EUR_USD,2016-07-26 21:00:00,1.09614,43.58306915103929,-4.979579013510198,0.006938607677166018
EUR_USD,2016-07-27 21:00:00,1.10528,47.85995444633376,10.807414388940652,0.008710886141732821
EUR_USD,2016-07-28 21:00:00,1.10728,48.739598968903636,24.895703354532685,0.009862708913386253
EUR_USD,2016-07-31 21:00:00,1.11552,52.17820294783793,53.97684564434744,0.01011016713070898
EUR_USD,2016-08-01 21:00:00,1.1159,52.330755008000956,65.40682861716189,0.00966013370456718
EUR_USD,2016-08-02 21:00:00,1.11406,51.50771312461142,72.06935513350926,0.009094106963653767
EUR_USD,2016-08-03 21:00:00,1.1114,50.324051402247385,62.98868312757162,0.0075952855709230235
EUR_USD,2016-08-04 21:00:00,1.10458,47.432961662030934,48.4310699588473,0.007022228456738444
EUR_USD,2016-08-07 21:00:00,1.10721,48.610711917560174,39.621913580246435,0.006801782765390786
EUR_USD,2016-08-08 21:00:00,1.10707,48.550811240281405,34.05349794238641,0.006453426212312641
EUR_USD,2016-08-09 21:00:00,1.11128,50.450221526269125,42.66975308641955,0.0075487409698501125
EUR_USD,2016-08-10 21:00:00,1.11356,51.454298581032674,50.83590534979415,0.007614992775880068
EUR_USD,2016-08-11 21:00:00,1.11314,51.25636892833669,58.641975308641925,0.007807994220704017
EUR_USD,2016-08-14 21:00:00,1.11535,52.256077772933025,63.87602880658435,0.007694395376563197
EUR_USD,2016-08-15 21:00:00,1.11776,53.33574038337707,62.62692213490089,0.009533516301250529
EUR_USD,2016-08-16 21:00:00,1.12414,56.057097872728896,68.03256418356897,0.010392813041000426
EUR_USD,2016-08-17 21:00:00,1.12862,57.84297574599882,71.53600115380435,0.010814250432800376
EUR_USD,2016-08-18 21:00:00,1.13044,58.55091276505299,80.13890858047091,0.010119400346240327
EUR_USD,2016-08-21 21:00:00,1.12712,56.75245886385293,79.55111361865568,0.008619520276992277
EUR_USD,2016-08-22 21:00:00,1.13034,58.045421709909355,80.84800694948142,0.008581616221593855
EUR_USD,2016-08-23 21:00:00,1.12453,54.97744073922003,72.73863371957714,0.0070252929772751105
EUR_USD,2016-08-24 21:00:00,1.12594,55.567038986043954,68.7224281571274,0.0066662343818201025
EUR_USD,2016-08-25 21:00:00,1.11806,51.65612561458009,52.55580757765788,0.006964987505456116
EUR_USD,2016-08-28 21:00:00,1.11583,50.613262807911,41.6434251254784,0.006179990004364923
EUR_USD,2016-08-29 21:00:00,1.11321,49.401098095620135,26.654991243432658,0.0056219920034919395
EUR_USD,2016-08-30 21:00:00,1.11233,48.99339922181074,19.964973730297803,0.005167593602793544
EUR_USD,2016-08-31 21:00:00,1.11276,49.20529892982004,16.38061879743135,0.005772074882234819
EUR_USD,2016-09-01 21:00:00,1.11506,50.346690894014976,18.5405720957383,0.007109659905787883
EUR_USD,2016-09-04 21:00:00,1.11393,49.77819231000746,19.907109132706015,0.00632172792463033
EUR_USD,2016-09-05 21:00:00,1.11408,49.85594474196143,17.80396877903554,0.007535382339704244
EUR_USD,2016-09-06 21:00:00,1.12292,54.18063465470226,23.167210638009923,0.008650305871763386
EUR_USD,2016-09-07 21:00:00,1.12346,54.428998766986474,31.131878422698122,0.008880244697410715
EUR_USD,2016-09-08 21:00:00,1.11987,52.472865236901114,36.082342356828256,0.00811019575792859
EUR_USD,2016-09-11 21:00:00,1.12106,53.05144883247001,32.6574612694776,0.007892156606342878
EUR_USD,2016-09-12 21:00:00,1.1204,52.68347315626935,27.46678608747581,0.0073097252850743
EUR_USD,2016-09-13 21:00:00,1.12108,53.03070864473745,29.273025824750246,0.007247780228059419
EUR_USD,2016-09-14 21:00:00,1.12192,53.46708890714323,30.913600216778132,0.007264224182447503
EUR_USD,2016-09-15 21:00:00,1.11496,49.52329817620318,22.842779010363603,0.006433379345957993
EUR_USD,2016-09-18 21:00:00,1.1151,49.60065422432001,13.976592163463662,0.006114703476766386
EUR_USD,2016-09-19 21:00:00,1.11502,49.55576080746877,3.4557771858755424,0.006141762781413126
EUR_USD,2016-09-20 21:00:00,1.11232,48.0377497145283,-0.9161719079840348,0.005845410225130522
EUR_USD,2016-09-21 21:00:00,1.1185,51.551788225920454,4.901465386559139,0.007356328180104434
EUR_USD,2016-09-22 21:00:00,1.11941,52.0457820880131,12.939687102042491,0.006997062544083549
EUR_USD,2016-09-25 21:00:00,1.12212,53.50624189094601,30.432413783071443,0.007299650035266844
EUR_USD,2016-09-26 21:00:00,1.11912,51.70300091605268,32.084012312149454,0.006595720028213454
EUR_USD,2016-09-27 21:00:00,1.11822,51.167832041737384,29.226550351372655,0.006190576022570801
EUR_USD,2016-09-28 21:00:00,1.11969,52.00719407297995,24.19518478675472,0.006304460818056661
EUR_USD,2016-09-29 21:00:00,1.11535,49.41312641680439,16.527235545640984,0.006117568654445305
EUR_USD,2016-10-02 21:00:00,1.12054,52.353163650829735,20.84030488938536,0.006718054923556247
EUR_USD,2016-10-03 21:00:00,1.1138,48.561556085535464,9.108228015406164,0.0060464439388449595
EUR_USD,2016-10-04 21:00:00,1.11898,51.36213657701824,15.288731061268544,0.006745155151075989
EUR_USD,2016-10-05 21:00:00,1.11402,48.733887806877995,1.6939278857723712,0.00585012412086079
EUR_USD,2016-10-06 21:00:00,1.11046,46.950067166753755,-7.575659420411515,0.005974099296688627
EUR_USD,2016-10-09 21:00:00,1.11315,48.42570230154,-19.911886617908284,0.006779279437350904
EUR_USD,2016-10-10 21:00:00,1.10491,44.50303091704264,-36.852921752543786,0.005641423549880687
EUR_USD,2016-10-11 21:00:00,1.10046,42.57626219651141,-32.04680230950625,0.0048871388399045574
EUR_USD,2016-10-12 21:00:00,1.09854,41.76910223181231,-29.843587498346604,0.004971711071923632
EUR_USD,2016-10-13 21:00:00,1.09705,41.142927458170405,-14.747036687962217,0.005441368857538905
EUR_USD,2016-10-16 21:00:00,1.09638,40.85800324584522,-8.241637019173128,0.005129095086031145
EUR_USD,2016-10-17 21:00:00,1.09704,41.272449712512966,-5.201181124296351,0.0053572760688249165
EUR_USD,2016-10-18 21:00:00,1.09551,40.590321979600866,-1.9677419354836214,0.004977820855059937
EUR_USD,2016-10-19 21:00:00,1.09159,38.88688335607758,-7.118279569892039,0.005664256684047955
EUR_USD,2016-10-20 21:00:00,1.08592,36.58926482177493,-13.84552441590109,0.004809405347238365
EUR_USD,2016-10-23 21:00:00,1.08598,36.63025201855265,-14.423822078708936,0.004655524277790701
EUR_USD,2016-10-24 21:00:00,1.0851,36.27450473008068,-11.339857003161429,0.004634419422232572
EUR_USD,2016-10-25 21:00:00,1.08744,37.93264539236678,-5.281892929533546,0.005623535537786086
EUR_USD,2016-10-26 21:00:00,1.08826,38.51262848041247,-2.98937511255156,0.005854828430228871
EUR_USD,2016-10-27 21:00:00,1.0893,39.25734097010223,0.8107385724638067,0.006871862744183086
EUR_USD,2016-10-30 21:00:00,1.09359,42.24244008997015,6.509938564750368,0.007479490195346486
EUR_USD,2016-10-31 21:00:00,1.09601,43.85262497220185,13.837815337074046,0.008645592156277176
EUR_USD,2016-11-01 21:00:00,1.10499,49.280457761891135,29.697867279466674,0.010174473725021768
EUR_USD,2016-11-02 21:00:00,1.10596,49.82248956305792,42.9467226838799,0.009661578980017438
EUR_USD,2016-11-03 21:00:00,1.10799,50.95716734045506,55.932784400991125,0.009369263184013947
EUR_USD,2016-11-06 22:00:00,1.10276,48.06061317288715,57.647571862691166,0.008495410547211138
EUR_USD,2016-11-07 22:00:00,1.1009,47.07612257322913,55.65119938561677,0.007584328437768921
EUR_USD,2016-11-08 22:00:00,1.09072,42.18368924604599,37.26919679699658,0.011883462750215137
EUR_USD,2016-11-09 22:00:00,1.08649,40.37982237989109,17.30954281414694,0.01043677020017212
EUR_USD,2016-11-10 22:00:00,1.08306,38.98153677012658,-3.0599268796692907,0.009519416160137724
EUR_USD,2016-11-13 22:00:00,1.07092,34.595261124548486,-14.048362246449324,0.007827532928110191
EUR_USD,2016-11-14 22:00:00,1.07143,34.913536022897375,-14.197921161312557,0.008410026342488146
EUR_USD,2016-11-15 22:00:00,1.06664,33.33733139473972,-13.574377015563082,0.0076340210739905025
EUR_USD,2016-11-16 22:00:00,1.062,31.894421487460676,-8.554551348679317,0.007687216859192407
EUR_USD,2016-11-17 22:00:00,1.05692,30.40400329641875,-9.913408585143214,0.006609773487353919
EUR_USD,2016-11-20 22:00:00,1.05788,31.034030118725582,-7.29195517199769,0.0068858187898831235
EUR_USD,2016-11-21 22:00:00,1.05836,31.35545100735405,-3.9397492243030086,0.007092655031906529
EUR_USD,2016-11-22 22:00:00,1.05262,29.6462135793833,-4.396278981914522,0.0068781240255252505
EUR_USD,2016-11-23 22:00:00,1.05181,29.41216141247712,-5.23165713806747,0.00668649922042023
EUR_USD,2016-11-24 22:00:00,1.05386,30.841648268070387,-5.33805127814264,0.0075351993763362055
EUR_USD,2016-11-27 22:00:00,1.05637,32.57122047770943,-1.615269743232939,0.00897615950106896
EUR_USD,2016-11-28 22:00:00,1.0565,32.661450426282315,0.517003164415844,0.008998927600855177
EUR_USD,2016-11-29 22:00:00,1.05528,32.242584538271004,1.1498863484422193,0.00922714208068415
EUR_USD,2016-11-30 22:00:00,1.05846,34.507346989147194,2.0813834291570776,0.009705713664547313
EUR_USD,2016-12-01 22:00:00,1.06254,37.289385763096504,4.773365423184823,0.009872570931637849
EUR_USD,2016-12-04 22:00:00,1.05056,33.027809385773494,2.6696973748717405,0.011316056745310289
EUR_USD,2016-12-05 22:00:00,1.06985,43.738034791134666,7.746133618576347,0.014652845396248237
EUR_USD,2016-12-06 22:00:00,1.071,44.28750679553255,17.586272701221574,0.013120276316998601
EUR_USD,2016-12-07 22:00:00,1.05976,40.3072960732267,23.75032192989485,0.013786221053598897
EUR_USD,2016-12-08 22:00:00,1.0531,38.20278583946658,15.05693449895598,0.011672976842879119
EUR_USD,2016-12-11 22:00:00,1.05255,38.03314075342567,1.2686383647375983,0.011754381474303315
EUR_USD,2016-12-12 22:00:00,1.06039,41.84148492428173,4.13491871769966,0.012235505179442644
EUR_USD,2016-12-13 22:00:00,1.04963,38.48355694856394,2.7769657994740675,0.011110404143554117
EUR_USD,2016-12-14 22:00:00,1.03666,34.98274242709907,-12.705836500048633,0.009758323314843265
EUR_USD,2016-12-15 22:00:00,1.04008,36.5570396245625,-20.494587419017407,0.009962658651874616
EUR_USD,2016-12-18 22:00:00,1.03926,36.33879697576339,-18.390321142741143,0.009544126921499703
EUR_USD,2016-12-19 22:00:00,1.03524,35.27092089012774,-5.679833098342673,0.008147301537199742
EUR_USD,2016-12-20 22:00:00,1.03826,36.716184662589,-5.255579403710999,0.008493841229759817
EUR_USD,2016-12-21 22:00:00,1.04237,38.64484987456057,-1.4217289101374735,0.009131072983807881
EUR_USD,2016-12-22 22:00:00,1.04267,38.78572023510319,4.649249125694303,0.008218858387046299
EUR_USD,2016-12-26 22:00:00,1.04324,39.060726591804226,8.064184324213112,0.007309086709637052
EUR_USD,2016-12-27 22:00:00,1.03723,37.236087785535695,4.539532332167636,0.006795269367709635
EUR_USD,2016-12-28 22:00:00,1.04085,39.0112723703475,3.291503805801366,0.007872215494167679
EUR_USD,2016-12-29 22:00:00,1.04852,42.57144803882678,6.912157992182732,0.011267772395334153
EUR_USD,2017-01-02 22:00:00,1.03406,38.220225588150065,4.738394020434728,0.009450217916267337
EUR_USD,2017-01-03 22:00:00,1.03899,40.3698407482658,3.4629362956867538,0.010748174333013883
EUR_USD,2017-01-04 22:00:00,1.04808,44.081035453257904,3.161215113488307,0.013106539466411108
EUR_USD,2017-01-05 22:00:00,1.05251,45.782224453059364,15.812932867037,0.013317231573128922
EUR_USD,2017-01-08 22:00:00,1.0511,45.32817793443244,30.2223839791662,0.011809785258503118
EUR_USD,2017-01-09 22:00:00,1.05511,46.87815449664688,43.14523536512005,0.011775828206802515
EUR_USD,2017-01-10 22:00:00,1.04539,43.76678641701444,41.52462121212127,0.010858662565442018
EUR_USD,2017-01-11 22:00:00,1.05716,48.083192714678454,47.615099629902424,0.013304930052353626
EUR_USD,2017-01-12 22:00:00,1.05962,48.93075332909085,51.72542415552291,0.012689944041882895
EUR_USD,2017-01-15 22:00:00,1.05794,48.37284626073299,65.45209176788129,0.010939955233506327
EUR_USD,2017-01-16 22:00:00,1.05978,49.03128510399822,65.93691603709095,0.01155196418680502
EUR_USD,2017-01-17 22:00:00,1.06288,50.13959245141975,66.77706156319628,0.011599571349444011
EUR_USD,2017-01-18 22:00:00,1.05895,48.74938446669222,65.54884189325304,0.010235657079555212
EUR_USD,2017-01-19 22:00:00,1.06252,50.05083052674292,67.77221913110918,0.01059052566364414
EUR_USD,2017-01-22 22:00:00,1.07014,52.70282318591863,70.64952593642377,0.011358420530915344
EUR_USD,2017-01-23 22:00:00,1.07204,53.34181279202362,78.78981418724182,0.01056073642473225
EUR_USD,2017-01-24 22:00:00,1.07112,52.9832586661209,83.03979926609047,0.00943658913978579
EUR_USD,2017-01-25 22:00:00,1.06579,50.931455573671165,78.69918699187014,0.00863727131182861
EUR_USD,2017-01-26 22:00:00,1.06584,50.94988887244386,73.09846431797654,0.0082538170494629
EUR_USD,2017-01-29 22:00:00,1.06204,49.488254092152204,64.89611562782297,0.008243053639570362
EUR_USD,2017-01-30 22:00:00,1.06846,51.8999145560296,64.99842476478746,0.010434442911656266
EUR_USD,2017-01-31 22:00:00,1.0731,53.5577567251094,67.15818324837791,0.010803554329325027
EUR_USD,2017-02-01 22:00:00,1.07562,54.43999703122872,73.00607564112185,0.01060284346346003
EUR_USD,2017-02-02 22:00:00,1.07125,52.645914038066486,70.48580396775597,0.00931027477076803
EUR_USD,2017-02-05 22:00:00,1.07056,52.364044250420356,63.839430760510076,0.009026219816614415
EUR_USD,2017-02-06 22:00:00,1.06562,50.36680817137793,50.921305066480365,0.008120975853291522
EUR_USD,2017-02-07 22:00:00,1.06408,49.754812508570204,38.548878113226316,0.007652780682633197
EUR_USD,2017-02-08 22:00:00,1.0651,50.169671372414705,27.599681561080743,0.007498224546106558
EUR_USD,2017-02-09 22:00:00,1.06077,48.414216022832846,16.34748175478956,0.006334579636885272
EUR_USD,2017-02-12 22:00:00,1.05922,47.79492135424857,7.1657910099240745,0.006079663709508231
EUR_USD,2017-02-13 22:00:00,1.05612,46.56262504856888,-5.433171320437982,0.005689730967606579
EUR_USD,2017-02-14 22:00:00,1.05214,45.02095054363956,-13.695103529088039,0.00551378477408526
EUR_USD,2017-02-15 22:00:00,1.05907,48.11529061797714,-10.557264258284857,0.00756702781926819
EUR_USD,2017-02-16 22:00:00,1.06056,48.75677131298259,-1.4372362869198791,0.0077756222554145535
EUR_USD,2017-02-19 22:00:00,1.0603,48.648198447261464,9.322257383966138,0.006766497804331667
EUR_USD,2017-02-20 22:00:00,1.05258,45.533710776551516,0.7647679324894844,0.005669198243465324
EUR_USD,2017-02-21 22:00:00,1.04938,44.317112369432635,-8.082674819080347,0.00550335859477225
EUR_USD,2017-02-22 22:00:00,1.05378,46.355855349957494,-11.559293766065226,0.00643468687581779
EUR_USD,2017-02-23 22:00:00,1.0557,47.22805447013721,-2.662552851102927,0.006755749500654242
EUR_USD,2017-02-26 22:00:00,1.05518,47.01389124938196,3.9652611130155084,0.006880599600523383
EUR_USD,2017-02-27 22:00:00,1.05679,47.77245181476936,7.404868015083804,0.007072479680418721
EUR_USD,2017-02-28 22:00:00,1.05144,45.53170242509713,2.536852931093216,0.006087983744334996
EUR_USD,2017-03-01 22:00:00,1.0495,44.74442839621798,-4.536927298315068,0.005616386995467999
EUR_USD,2017-03-02 22:00:00,1.0502,45.09876313442,-8.655517295230123,0.0070891095963743975
EUR_USD,2017-03-05 22:00:00,1.05748,48.64201655345234,3.20916866421161,0.008433287677099494
EUR_USD,2017-03-06 22:00:00,1.0558,47.90395494464544,16.80209603152139,0.0073066301416795775
EUR_USD,2017-03-07 22:00:00,1.0535,46.896187344746714,21.98812141171319,0.0061693041133436535
EUR_USD,2017-03-08 22:00:00,1.05252,46.465324059845855,16.211289518845742,0.006543443290674888
EUR_USD,2017-03-09 22:00:00,1.05724,48.80867587282218,19.354959364614704,0.008710754632539945
EUR_USD,2017-03-12 21:00:00,1.06518,52.43209135334882,38.07094830475593,0.009804603706031973
EUR_USD,2017-03-13 21:00:00,1.06005,50.06364080411665,49.61524332793016,0.008059682964825572
EUR_USD,2017-03-14 21:00:00,1.06036,50.20425428744401,52.09005815619531,0.009237746371860485
EUR_USD,2017-03-15 21:00:00,1.07057,54.5634168171083,53.94608723335759,0.010726197097488394
EUR_USD,2017-03-16 21:00:00,1.07274,55.42143046964866,65.57082066443245,0.010120957677990724
EUR_USD,2017-03-19 21:00:00,1.0725,55.30194812719057,78.12578752801288,0.009100766142392585
EUR_USD,2017-03-20 21:00:00,1.0719,54.99531788957363,75.59986538276148,0.009168612913914046
EUR_USD,2017-03-21 21:00:00,1.0776,57.32092531881527,77.15204152898666,0.009454890331131225
EUR_USD,2017-03-22 21:00:00,1.0768,56.89406668182392,78.15533796174854,0.008141912264904993
EUR_USD,2017-03-23 21:00:00,1.07604,56.48071668204561,82.10051411184553,0.007515529811923986
EUR_USD,2017-03-26 21:00:00,1.0827,59.16987033186755,80.63683363755632,0.00892442384953917
EUR_USD,2017-03-27 21:00:00,1.0799,57.62132410161344,77.67157804886675,0.008051539079631315
EUR_USD,2017-03-28 21:00:00,1.07401,54.51653352823537,70.57938299473288,0.006991231263705015
EUR_USD,2017-03-29 21:00:00,1.06722,51.22492524261137,57.63732129420625,0.006198985010964031
EUR_USD,2017-03-30 21:00:00,1.06508,50.236002771612554,43.378842668021825,0.005551188008771195
EUR_USD,2017-04-02 21:00:00,1.06426,49.85449048407074,33.299111364526034,0.005044950407016961
EUR_USD,2017-04-03 21:00:00,1.06357,49.52707843372312,28.26877614111628,0.004727960325613572
EUR_USD,2017-04-04 21:00:00,1.0635,49.492966521228134,26.832151300235996,0.004848368260490869
EUR_USD,2017-04-05 21:00:00,1.0629,49.19253944677761,22.682954472881793,0.004866694608392729
EUR_USD,2017-04-06 21:00:00,1.05807,46.825543328494035,11.091593511018866,0.004627355686714196
EUR_USD,2017-04-09 21:00:00,1.05698,46.30538870711753,0.5134974306963086,0.004223884549371356
EUR_USD,2017-04-10 21:00:00,1.05784,46.78784248793168,-5.705535654959301,0.004583107639497068
EUR_USD,2017-04-11 21:00:00,1.0589,47.39056761658983,-2.7446050701867715,0.0055984861115976545
EUR_USD,2017-04-12 21:00:00,1.0609,48.528515856948154,1.3618269432219112,0.00625878888927815
EUR_USD,2017-04-13 21:00:00,1.06058,48.355395923879904,4.232139115859865,0.0054270311114225185
EUR_USD,2017-04-16 21:00:00,1.06028,48.188675200457546,5.677770794049618,0.005633624889137997
EUR_USD,2017-04-17 21:00:00,1.06374,50.23577940361842,8.652838885396735,0.007174899911310424
EUR_USD,2017-04-18 21:00:00,1.07002,53.67262298142527,18.54179761156466,0.0077319199290483785
EUR_USD,2017-04-19 21:00:00,1.0709,54.13182135415818,29.666876178503784,0.007731535943238706
EUR_USD,2017-04-20 21:00:00,1.06824,52.50447073017386,34.38089252042729,0.00676522875459099
EUR_USD,2017-04-23 21:00:00,1.08209,59.1234906829921,47.001931653094395,0.009890183003672774
EUR_USD,2017-04-24 21:00:00,1.08515,60.385295804756545,58.57387432760164,0.010494146402938215
EUR_USD,2017-04-25 21:00:00,1.08558,60.56226624074951,73.27369811833442,0.010381317122350572
EUR_USD,2017-04-26 21:00:00,1.08516,60.29012486344989,73.1021524922432,0.009847053697880479
EUR_USD,2017-04-27 21:00:00,1.08572,60.53473221630075,73.57208448117517,0.009789642958304385
EUR_USD,2017-04-30 21:00:00,1.08842,61.71109933672353,76.17998163452681,0.009163714366643486
EUR_USD,2017-05-01 21:00:00,1.08884,61.893880455851665,79.55922865013758,0.008310971493314815
EUR_USD,2017-05-02 21:00:00,1.08828,61.489008293646776,81.9100091827362,0.007616777194651843
EUR_USD,2017-05-03 21:00:00,1.0875,60.91486103503617,78.66166559297146,0.008181421755721476
EUR_USD,2017-05-04 21:00:00,1.095,64.2365231815671,80.37679917971082,0.00903713740457721
EUR_USD,2017-05-07 21:00:00,1.09165,61.80932844094416,78.28578277480683,0.008703709923661788
EUR_USD,2017-05-08 21:00:00,1.08636,58.215983130702355,74.90402835031921,0.007304967938929451
EUR_USD,2017-05-09 21:00:00,1.08534,57.54864219409908,64.9541826643927,0.0065359743511435656
EUR_USD,2017-05-10 21:00:00,1.08393,56.62048546660255,58.168508649500076,0.006020779480914845
EUR_USD,2017-05-11 21:00:00,1.08557,57.44627954452541,57.127996981594514,0.006716623584731845
EUR_USD,2017-05-14 21:00:00,1.09228,60.61929706033757,62.295108239419,0.008047298867785498
EUR_USD,2017-05-15 21:00:00,1.09743,62.82043473028198,66.7476566711532,0.009925839094228422
EUR_USD,2017-05-16 21:00:00,1.10802,66.77127447982146,74.44636675395668,0.011698671275382756
EUR_USD,2017-05-17 21:00:00,1.1076,66.48143198468013,76.22298335642863,0.011192937020306184
EUR_USD,2017-05-18 21:00:00,1.10974,67.23118947112869,76.0116904613581,0.011670349616244977
EUR_USD,2017-05-21 21:00:00,1.11616,69.35831220598232,73.65407457220802,0.012658279692995985
EUR_USD,2017-05-22 21:00:00,1.11752,69.78808338383809,73.04387371704168,0.012262623754396794
EUR_USD,2017-05-23 21:00:00,1.11687,69.30746286338157,75.76013698180033,0.010708099003517412
EUR_USD,2017-05-24 21:00:00,1.11936,70.12286022932264,78.08073364447706,0.010200479202813932
EUR_USD,2017-05-25 21:00:00,1.11606,67.6585408563007,76.88528617047393,0.008978383362251176
EUR_USD,2017-05-28 21:00:00,1.11619,67.70479260062571,76.32850241545877,0.007768706689800917
EUR_USD,2017-05-29 21:00:00,1.11096,63.901488313635284,69.45058544174228,0.00708496535184075
EUR_USD,2017-05-30 21:00:00,1.11646,65.98048607822255,69.7781052976335,0.008523972281472614
EUR_USD,2017-05-31 21:00:00,1.12023,67.31527170756982,73.0860558421353,0.00865917782517811
EUR_USD,2017-06-01 21:00:00,1.12052,67.41700295078238,79.79780226759398,0.008585342260142471
EUR_USD,2017-06-04 21:00:00,1.12343,68.43678861975889,84.2944262112309,0.008440273808113973
EUR_USD,2017-06-05 21:00:00,1.12404,68.64956409152693,86.18384839191624,0.007750219046491189
EUR_USD,2017-06-06 21:00:00,1.12044,65.9358870879235,86.12094047338212,0.007040175237192948
EUR_USD,2017-06-07 21:00:00,1.11948,65.22463425045984,83.0148619957538,0.006928140189754323
EUR_USD,2017-06-08 21:00:00,1.11664,63.14024518449416,75.37648784629852,0.006380512151803441
EUR_USD,2017-06-11 21:00:00,1.1192,64.20687002436782,71.72481993173012,0.006416409721442733
EUR_USD,2017-06-12 21:00:00,1.11854,63.71513731056195,62.37291662285086,0.005793127777154203
EUR_USD,2017-06-13 21:00:00,1.11932,64.05172603967235,55.77712486442971,0.006842502221723351
EUR_USD,2017-06-14 21:00:00,1.11323,59.587222472712305,37.48550397359433,0.006180001777378643
EUR_USD,2017-06-15 21:00:00,1.11386,59.88643523162488,18.8253586452081,0.006334001421902918
EUR_USD,2017-06-18 21:00:00,1.11432,60.10952065942396,2.489427865890614,0.0065492011375223175
EUR_USD,2017-06-19 21:00:00,1.11191,58.350751404171824,-8.690795352993606,0.005673360910017856
EUR_USD,2017-06-20 21:00:00,1.11274,58.78043944307444,-8.241759909828755,0.005536688728014295
EUR_USD,2017-06-21 21:00:00,1.11395,59.41194169596695,-6.329178030548007,0.005439350982411436
EUR_USD,2017-06-22 21:00:00,1.11454,59.72319676877834,2.182417129915264,0.0057374807859291695
EUR_USD,2017-06-25 21:00:00,1.1172,61.11399574977567,11.365040148239187,0.006075984628743302
EUR_USD,2017-06-26 21:00:00,1.11791,61.48126230853177,17.20355771348217,0.00840878770299466
EUR_USD,2017-06-27 21:00:00,1.12918,66.65297083002527,35.32370918772411,0.010961030162395755
EUR_USD,2017-06-28 21:00:00,1.13746,69.74077320991043,53.236450177132134,0.011840824129916569
EUR_USD,2017-06-29 21:00:00,1.13923,70.3479473921119,73.8961078721664,0.01088865930393325
EUR_USD,2017-07-02 21:00:00,1.13551,67.40721967559446,77.07865168539335,0.009404927443146619
EUR_USD,2017-07-03 21:00:00,1.13362,65.95806934336298,72.9695024077049,0.007961941954517278
EUR_USD,2017-07-04 21:00:00,1.13126,64.1758861003332,64.44087747458548,0.007013553563613823
EUR_USD,2017-07-05 21:00:00,1.13299,64.89518349170132,61.74424826110223,0.00785484285089106
EUR_USD,2017-07-06 21:00:00,1.13797,66.87573342291228,66.39914392723372,0.008479874280712845
EUR_USD,2017-07-09 21:00:00,1.13818,66.95705598108708,73.80417335473516,0.00755189942457029
EUR_USD,2017-07-10 21:00:00,1.13829,67.00095580405437,76.83270405919733,0.007999519539656226
EUR_USD,2017-07-11 21:00:00,1.13919,67.36790176784447,74.72114820564163,0.00852961563172499
EUR_USD,2017-07-12 21:00:00,1.13706,65.58244752211633,70.3876861904841,0.008101692505380016
EUR_USD,2017-07-13 21:00:00,1.13917,66.49249470145838,70.55789967182339,0.00850535400430404
EUR_USD,2017-07-16 21:00:00,1.1435,68.2733818664131,74.59915611814317,0.008712283203443208
EUR_USD,2017-07-17 21:00:00,1.14717,69.68604414157373,77.46626961208274,0.009933826562754579
EUR_USD,2017-07-18 21:00:00,1.15101,71.07985379263334,80.96830528053927,0.00964506125020364
EUR_USD,2017-07-19 21:00:00,1.14794,68.47592462338655,74.2811275965262,0.010678049000162912
EUR_USD,2017-07-20 21:00:00,1.16192,73.11548562807207,78.32489659904525,0.012606439200130354
EUR_USD,2017-07-23 21:00:00,1.16257,73.30445990233814,80.07695014493474,0.011391151360104268
EUR_USD,2017-07-24 21:00:00,1.16306,73.44999611179394,84.57437224380881,0.010846921088083406
EUR_USD,2017-07-25 21:00:00,1.16128,71.9754315105541,78.06311525874538,0.010865536870466715
EUR_USD,2017-07-26 21:00:00,1.16502,73.1471861576891,72.181350098333,0.011976429496373349
EUR_USD,2017-07-27 21:00:00,1.16712,73.78388925520473,71.30454125024117,0.011865143597098678
EUR_USD,2017-07-30 21:00:00,1.17232,75.28500765264137,73.87056732078752,0.012988114877678975
EUR_USD,2017-07-31 21:00:00,1.1785,76.91044640432796,79.59887924881401,0.01281849190214319
EUR_USD,2017-08-01 21:00:00,1.17942,77.14195748084748,80.81459219889562,0.012770793521714514
EUR_USD,2017-08-02 21:00:00,1.18306,78.04304138955388,83.77192096068173,0.012196634817371616
EUR_USD,2017-08-03 21:00:00,1.17284,70.0252685098228,75.96867672057171,0.010937307853897297
EUR_USD,2017-08-06 21:00:00,1.17717,71.31680689485268,73.87317073170759,0.010465846283117801
EUR_USD,2017-08-07 21:00:00,1.17154,67.41001569962532,66.38048780487834,0.009422677026494236
EUR_USD,2017-08-08 21:00:00,1.16888,65.6521970289447,63.80487804878066,0.008514141621195388
EUR_USD,2017-08-09 21:00:00,1.17042,66.18037558622191,59.41463414634162,0.008735313296956346
EUR_USD,2017-08-10 21:00:00,1.17484,67.65705483761556,59.72757693045234,0.009856250637565081
EUR_USD,2017-08-13 21:00:00,1.177,68.35555988276215,63.312453926308415,0.009685000510052045
EUR_USD,2017-08-14 21:00:00,1.16873,62.969225055535354,57.95096257028959,0.008204000408041649
EUR_USD,2017-08-15 21:00:00,1.16813,62.599008399880674,51.04340496493585,0.0083972003264333
EUR_USD,2017-08-16 21:00:00,1.16622,61.410034503801555,32.407635396097255,0.008895760261146652
EUR_USD,2017-08-17 21:00:00,1.17087,63.171722965208225,26.274376100686506,0.0093706082089173
EUR_USD,2017-08-20 21:00:00,1.17314,64.00163797805118,23.446179755253798,0.00988248656713384
EUR_USD,2017-08-21 21:00:00,1.17454,64.51186196086537,31.73912119624507,0.009765989253707044
EUR_USD,2017-08-22 21:00:00,1.17402,64.16243410416041,32.28590715705018,0.00936879140296566
EUR_USD,2017-08-23 21:00:00,1.17842,65.78466024026056,36.32160652464916,0.009055033122372535
EUR_USD,2017-08-24 21:00:00,1.17736,65.05081901752648,32.03285041361155,0.010390026497898032
EUR_USD,2017-08-27 21:00:00,1.19171,69.77299227832953,47.91948574285069,0.012518021198318446
EUR_USD,2017-08-28 21:00:00,1.19461,70.60336279618633,54.12034078435113,0.01308241695865474
EUR_USD,2017-08-29 21:00:00,1.1881,66.36936457281706,61.48597297222317,0.011233933566923806
EUR_USD,2017-08-30 21:00:00,1.18232,62.90456925212835,46.33773187990044,0.009619146853539056
EUR_USD,2017-08-31 21:00:00,1.18498,63.804161332321726,37.12947026200021,0.010831317482831228
EUR_USD,2017-09-03 21:00:00,1.18737,64.60205097140383,36.4314400458978,0.010117053986264992
EUR_USD,2017-09-04 21:00:00,1.18684,64.2770077910356,40.753490151080314,0.009439643189011976
EUR_USD,2017-09-05 21:00:00,1.19032,65.45753160602044,45.85962899215904,0.009191714551209623
EUR_USD,2017-09-06 21:00:00,1.19144,65.83344701235576,49.751386498374416,0.010477371640967693
EUR_USD,2017-09-07 21:00:00,1.2015,68.97110944904826,62.08430378293994,0.011949897312774127
EUR_USD,2017-09-10 21:00:00,1.1948,64.866911028939,65.0682355556857,0.009853917850219319
EUR_USD,2017-09-11 21:00:00,1.19264,63.604641349679795,65.03999281028142,0.00848713428017546
EUR_USD,2017-09-12 21:00:00,1.18728,60.578549547675856,52.26026781702161,0.008163707424140399
EUR_USD,2017-09-13 21:00:00,1.18373,58.6661966221733,42.31149456277502,0.007526965939312361
EUR_USD,2017-09-14 21:00:00,1.19008,60.947418611027395,38.319987497807,0.009029572751449878
EUR_USD,2017-09-17 21:00:00,1.19152,61.446575607175696,40.23349371784909,0.008591658201159893
EUR_USD,2017-09-18 21:00:00,1.19497,62.63039588083053,48.80651755168551,0.008703326560927913
EUR_USD,2017-09-19 21:00:00,1.18616,57.93128146222397,41.27834660540258,0.008674661248742312
EUR_USD,2017-09-20 21:00:00,1.1866,58.09372779719088,33.16610992889668,0.00878372899899385
EUR_USD,2017-09-21 21:00:00,1.19366,60.617931715787925,22.595199065841836,0.009794983199195051
EUR_USD,2017-09-24 21:00:00,1.18318,55.485699365772646,7.362876445665698,0.008591986559356021
EUR_USD,2017-09-25 21:00:00,1.17573,52.23353236209336,-12.350217864924367,0.007469589247484858
EUR_USD,2017-09-26 21:00:00,1.1717,50.5747198936702,-29.048519462889715,0.006739671397987918
EUR_USD,2017-09-27 21:00:00,1.17208,50.727355400980436,-23.20078189491176,0.007131737118390321
EUR_USD,2017-09-28 21:00:00,1.17728,52.79117908814404,-8.3635773324747,0.007945389694712278
EUR_USD,2017-10-01 21:00:00,1.173,50.973267023517494,-1.6772700983228104,0.00721231175576979
EUR_USD,2017-10-02 21:00:00,1.16962,49.57850184259211,-2.601920236574452,0.006645849404615843
EUR_USD,2017-10-03 21:00:00,1.17347,51.15342732599827,-4.968335611512875,0.00715667952369265
EUR_USD,2017-10-04 21:00:00,1.16992,49.673435414537714,-6.50157670191058,0.006611343618954107
EUR_USD,2017-10-05 21:00:00,1.16692,48.448038006471094,-7.394286121386757,0.006077074895163253
EUR_USD,2017-10-06 21:00:00,1.17324,51.07815270650564,-5.353696591846538,0.006125659916130623
EUR_USD,2017-10-08 21:00:00,1.17197,50.54211810120001,-1.327570237727939,0.005428527932904538
EUR_USD,2017-10-09 21:00:00,1.17394,51.36119801697553,5.896881753627462,0.006456822346323625
EUR_USD,2017-10-10 21:00:00,1.17951,53.60840114177416,12.349490583513244,0.007761457877058899
EUR_USD,2017-10-11 21:00:00,1.18268,54.83688835619334,23.371410929299003,0.007907166301647096
EUR_USD,2017-10-12 21:00:00,1.18056,53.850337259866656,30.18421323453734,0.007289733041317687
EUR_USD,2017-10-15 21:00:00,1.17806,52.693867555367845,28.691983122362842,0.00705578643305413
EUR_USD,2017-10-16 21:00:00,1.17362,50.69370149322329,19.637277618726106,0.006040629146443279
EUR_USD,2017-10-17 21:00:00,1.17302,50.426121841265115,12.081721594854505,0.006216503317154587
EUR_USD,2017-10-18 21:00:00,1.17683,52.08741274306597,13.393559822568015,0.007533202653723699
EUR_USD,2017-10-19 21:00:00,1.17624,51.809280941338706,20.65520865515417,0.007828562122978952
EUR_USD,2017-10-20 21:00:00,1.17799,52.586122815786425,32.05931690390579,0.00661284969838319
EUR_USD,2017-10-22 21:00:00,1.17254,49.989949797603906,26.39383155397361,0.005586279758706582
EUR_USD,2017-10-23 21:00:00,1.17428,50.792313785259836,22.518782127322805,0.005827023806965281
EUR_USD,2017-10-24 21:00:00,1.17531,51.27106762172192,17.220245156187897,0.0061656190455722185
EUR_USD,2017-10-25 21:00:00,1.16406,46.19304671383501,0.4547251878211836,0.006610495236457755
EUR_USD,2017-10-26 21:00:00,1.15741,43.555171589099004,-17.220748977936818,0.005628396189166167
EUR_USD,2017-10-29 21:00:00,1.15936,44.51629531741314,-27.437500927511238,0.006176716951332931
EUR_USD,2017-10-30 21:00:00,1.16248,46.03716887166829,-11.566106148369387,0.006297373561066346
EUR_USD,2017-10-31 21:00:00,1.16066,45.28804899717244,-0.4684418145957196,0.005691898848853098
EUR_USD,2017-11-01 21:00:00,1.16132,45.620002836562435,1.9477317554239615,0.00617751907908246
EUR_USD,2017-11-02 21:00:00,1.15994,45.02905823994567,-1.1834319526628125,0.0065060152632660006
EUR_USD,2017-11-05 22:00:00,1.15804,44.21333561094438,-4.413214990138246,0.00570481221061279
EUR_USD,2017-11-06 22:00:00,1.15539,43.087142493171015,-11.72337278106527,0.005269849768490239
EUR_USD,2017-11-07 22:00:00,1.1579,44.472988555476306,-11.60736929665341,0.00536587981479222
EUR_USD,2017-11-08 22:00:00,1.15856,44.83836053410038,-8.391456819534316,0.0058127038518337865
EUR_USD,2017-11-09 22:00:00,1.16228,46.87652702918272,2.678672643941591,0.006498163081467012
EUR_USD,2017-11-12 22:00:00,1.16376,47.672276514084054,9.853695678472253,0.006250530465173619
EUR_USD,2017-11-13 22:00:00,1.16614,48.94452152301844,19.213649851632113,0.008352424372138918
EUR_USD,2017-11-14 22:00:00,1.17846,54.8259755273703,38.96975414348196,0.010677939497711156
EUR_USD,2017-11-15 22:00:00,1.17568,53.39028144761549,53.49412701110123,0.00886835159816893
EUR_USD,2017-11-16 22:00:00,1.17654,53.77763241131859,66.12824278022516,0.008390681278535152
EUR_USD,2017-11-19 22:00:00,1.17221,51.54642761692787,58.48017621145369,0.007570545022828147
EUR_USD,2017-11-20 22:00:00,1.1713,51.08562680525102,53.120411160058644,0.006770436018262533
EUR_USD,2017-11-21 22:00:00,1.17328,52.05044677280856,49.13117963778772,0.0076923488146100165
EUR_USD,2017-11-22 22:00:00,1.18136,55.7362129891409,60.327949094469,0.00861387905168801
EUR_USD,2017-11-23 22:00:00,1.18369,56.728445682137114,68.39926663950716,0.009503103241350421
EUR_USD,2017-11-26 22:00:00,1.18958,59.12457303949578,78.2575340828164,0.01008848259308037
EUR_USD,2017-11-27 22:00:00,1.18272,55.42664806756728,72.08803018882516,0.008554786074464272
EUR_USD,2017-11-28 22:00:00,1.18166,54.87800061826451,69.20873612602931,0.007953828859571407
EUR_USD,2017-11-29 22:00:00,1.18086,54.45714128093458,61.40350877192975,0.00865506308765713
EUR_USD,2017-11-30 22:00:00,1.18508,56.28650450139377,63.515932688864865,0.0095600504701257
EUR_USD,2017-12-03 22:00:00,1.18293,55.11960088556743,64.6527031865377,0.008212040376100568
EUR_USD,2017-12-04 22:00:00,1.18006,53.585531706544764,63.93662728249196,0.007519632300880461
EUR_USD,2017-12-05 22:00:00,1.17804,52.52122582124462,57.320619114561374,0.006975705840704353
EUR_USD,2017-12-06 22:00:00,1.17719,52.071025435577695,49.57921302365691,0.006268564672563505
EUR_USD,2017-12-07 22:00:00,1.173,49.89027840173338,38.494685668646504,0.005116851738050807
EUR_USD,2017-12-10 22:00:00,1.17637,51.57758776121495,32.50079777522699,0.005729481390440616
EUR_USD,2017-12-11 22:00:00,1.17177,49.236534003377784,16.26073343520394,0.005161585112352505
EUR_USD,2017-12-12 22:00:00,1.17295,49.84069035113237,7.666986621547292,0.006415268089882014
EUR_USD,2017-12-13 22:00:00,1.1771,51.92244615957741,2.2045855379186245,0.007798214471905624
EUR_USD,2017-12-14 22:00:00,1.17488,50.75671114159691,6.775426219870332,0.007066571577524506
EUR_USD,2017-12-17 22:00:00,1.17382,50.20000678316231,8.054085831863494,0.007423257262019611
EUR_USD,2017-12-18 22:00:00,1.17766,52.16614979026247,8.340364745240574,0.008154605809615686
EUR_USD,2017-12-19 22:00:00,1.18291,54.69588357011081,19.514813789512065,0.009023684647692584
EUR_USD,2017-12-20 22:00:00,1.18492,55.62535151668867,35.29678305603078,0.00843294771815407
EUR_USD,2017-12-21 22:00:00,1.1817,53.79627436947684,41.08632984372586,0.0072823581745232605
EUR_USD,2017-12-25 22:00:00,1.18466,55.19722635925655,45.4090198260054,0.007069886539618632
EUR_USD,2017-12-26 22:00:00,1.18548,55.58318350168852,48.05632160313687,0.006933909231694886
EUR_USD,2017-12-27 22:00:00,1.18954,57.4601874705496,60.176674836601535,0.007633127385355897
EUR_USD,2017-12-28 22:00:00,1.1936,59.24196806628991,65.38373676768344,0.008710501908284724
EUR_USD,2018-01-01 22:00:00,1.20019,61.920129512538985,71.94792833074933,0.009872401526627796
EUR_USD,2018-01-02 22:00:00,1.2001,61.86270031164026,73.83620507580105,0.009191921221302232
EUR_USD,2018-01-03 22:00:00,1.20042,61.992359278004365,76.21464276915223,0.009113536977041814
EUR_USD,2018-01-04 22:00:00,1.20208,62.67336817402021,77.45405206597142,0.008874829581633437
EUR_USD,2018-01-07 22:00:00,1.19558,58.4324081067931,72.54676258992802,0.007727863665306734
EUR_USD,2018-01-08 22:00:00,1.19159,56.025020778243366,64.07673860911258,0.006578290932245362
EUR_USD,2018-01-09 22:00:00,1.19235,56.37914069672563,54.743405275779246,0.007308632745796326
EUR_USD,2018-01-10 22:00:00,1.19295,56.66414602981057,52.22062350119878,0.008560906196637078
EUR_USD,2018-01-11 22:00:00,1.20308,61.102866713149794,55.5521615660575,0.012644724957309665
EUR_USD,2018-01-14 22:00:00,1.21878,66.58951044693609,64.83219297748668,0.01543577996584777
EUR_USD,2018-01-15 22:00:00,1.21952,66.81772881645884,73.98443698369759,0.014256623972678238
EUR_USD,2018-01-16 22:00:00,1.21776,65.7133312333547,78.30015269223867,0.013961299178142594
EUR_USD,2018-01-17 22:00:00,1.21653,64.93736274461162,74.00528914403289,0.012917039342514071
EUR_USD,2018-01-18 22:00:00,1.22152,66.59293309351952,72.44344396229394,0.012935631474011295
EUR_USD,2018-01-21 22:00:00,1.22141,66.5213056876965,73.612478415554,0.011530505179209054
EUR_USD,2018-01-22 22:00:00,1.2223,66.82001437293863,77.35106915540311,0.011066404143367231
EUR_USD,2018-01-23 22:00:00,1.22914,69.01777927704418,77.659654634983,0.012701123314693814
EUR_USD,2018-01-24 22:00:00,1.23642,71.12371401783491,76.41979658552634,0.015080898651755088
EUR_USD,2018-01-25 22:00:00,1.23699,71.28182279130728,74.27353035990909,0.01466071892140407
EUR_USD,2018-01-28 22:00:00,1.2337,69.02516156831439,70.55024296710437,0.01297857513712323
EUR_USD,2018-01-29 22:00:00,1.23349,68.88117076873857,68.33749653066886,0.012728860109698589
EUR_USD,2018-01-30 22:00:00,1.2387,70.46257061840845,69.28670552317503,0.012981088087758861
EUR_USD,2018-01-31 22:00:00,1.23849,70.31357878133986,71.9456008881487,0.013110870470207096
EUR_USD,2018-02-01 22:00:00,1.24092,71.04643087804368,76.06994171523725,0.013158696376165673
EUR_USD,2018-02-04 22:00:00,1.23625,67.72269441320817,74.70996391895646,0.011842957100932545
EUR_USD,2018-02-05 22:00:00,1.23138,64.46904403223931,70.76325284485146,0.010916365680746025
EUR_USD,2018-02-06 22:00:00,1.2246,60.296932912947895,61.40230422437987,0.01058509254459683
EUR_USD,2018-02-07 22:00:00,1.22122,58.349545419148285,49.61147541287442,0.009448074035677491
EUR_USD,2018-02-08 22:00:00,1.2206,57.99412741859997,30.479474714807683,0.009056459228541994
EUR_USD,2018-02-11 22:00:00,1.22352,59.20479653709492,18.192199799241834,0.009081167382833632
EUR_USD,2018-02-12 22:00:00,1.22844,61.15618117596239,15.610127546163836,0.009982933906266905
EUR_USD,2018-02-13 22:00:00,1.2276,60.64384157802471,22.27298686464861,0.011606347125013525
EUR_USD,2018-02-14 22:00:00,1.24483,66.58403771285273,41.150684803028014,0.013981077700010811
EUR_USD,2018-02-15 22:00:00,1.23936,63.43938731430827,47.78105524131374,0.013338862160008638
EUR_USD,2018-02-18 22:00:00,1.23691,62.080879568000455,52.57825871829892,0.011507089728006925
EUR_USD,2018-02-19 22:00:00,1.23197,59.42647433046516,37.07285622179231,0.010069671782405561
EUR_USD,2018-02-20 22:00:00,1.22812,57.44618964351574,24.99462712228672,0.008861737425924445
EUR_USD,2018-02-21 22:00:00,1.22596,56.356241184627265,13.228024930152616,0.008513389940739515
EUR_USD,2018-02-22 22:00:00,1.228,57.15055049659881,8.961960025789816,0.00837071195259162
EUR_USD,2018-02-25 22:00:00,1.22776,57.0242423502262,8.575112830431832,0.008196569562073309
EUR_USD,2018-02-26 22:00:00,1.22218,54.146024053952466,4.513217279174699,0.007933255649658646
EUR_USD,2018-02-27 22:00:00,1.21874,52.4574546336946,-3.9030768158013274,0.006740604519726923
EUR_USD,2018-02-28 22:00:00,1.21542,50.87348541077281,-10.903468496809447,0.007116483615781553
EUR_USD,2018-03-01 22:00:00,1.22514,54.98974223073232,-2.9771884072134256,0.00932918689262526
EUR_USD,2018-03-04 22:00:00,1.22689,55.68136287392458,8.719220874678404,0.009747349514100249
EUR_USD,2018-03-05 22:00:00,1.23284,57.95376771803405,24.724366041896293,0.010829879611280213
EUR_USD,2018-03-06 22:00:00,1.23849,59.96999591077636,36.99007717750835,0.011023903689024176
EUR_USD,2018-03-07 22:00:00,1.22978,55.70973083378804,39.64535097390678,0.01005112295121933
EUR_USD,2018-03-08 22:00:00,1.22728,54.55889525165474,34.53693495038602,0.008776898360975446
EUR_USD,2018-03-11 21:00:00,1.22904,55.23240196700006,25.854465270121267,0.008477518688780392
EUR_USD,2018-03-12 21:00:00,1.23146,56.1567212822016,27.39801543550155,0.009124014951024335
EUR_USD,2018-03-13 21:00:00,1.23471,57.37928148362845,34.22454979786835,0.009259211960819476
EUR_USD,2018-03-14 21:00:00,1.23002,55.08618329680724,35.12495406100688,0.008145369568655575
EUR_USD,2018-03-15 21:00:00,1.22604,53.219079799317825,32.814235407577655,0.00723629565492447
EUR_USD,2018-03-18 21:00:00,1.2258,53.106793384541305,27.201651177626946,0.007761036523939573
EUR_USD,2018-03-19 21:00:00,1.22398,52.24209657778616,23.503092512172856,0.008140829219151659
EUR_USD,2018-03-20 21:00:00,1.22405,52.27301573717603,20.88432688511676,0.008712663375321308
EUR_USD,2018-03-21 21:00:00,1.22853,54.23466908114417,24.476904855902248,0.00992813070025702
EUR_USD,2018-03-22 21:00:00,1.22999,54.860153429578155,32.38584024213706,0.009712504560205622
EUR_USD,2018-03-25 21:00:00,1.235,56.94883793671931,45.634759770139944,0.011004003648164501
EUR_USD,2018-03-26 21:00:00,1.23722,57.84300953614482,54.561187247253976,0.011337202918531592
EUR_USD,2018-03-27 21:00:00,1.22999,54.06013694558981,53.065427455227145,0.01006176233482529
EUR_USD,2018-03-28 21:00:00,1.22842,53.27743084423276,39.6783458213039,0.008783409867860244
EUR_USD,2018-03-29 21:00:00,1.22904,53.55215851746046,25.595809134379177,0.007966727894288182
EUR_USD,2018-04-01 21:00:00,1.22814,53.08344351237784,18.740268931351334,0.00746538231543055
EUR_USD,2018-04-02 21:00:00,1.22534,51.62910582471335,14.380750176928155,0.007068305852344426
EUR_USD,2018-04-03 21:00:00,1.22569,51.79986642877239,9.639065817409444,0.006882644681875504
EUR_USD,2018-04-04 21:00:00,1.22184,49.799345303107955,0.7218683651801688,0.006172115745500415
EUR_USD,2018-04-05 21:00:00,1.22149,49.619128944699824,-4.508542010404351,0.006393692596400323
EUR_USD,2018-04-08 21:00:00,1.22604,51.957239996884425,-3.832213507988751,0.007438954077120251
EUR_USD,2018-04-09 21:00:00,1.23027,54.009895585539304,8.245391867172868,0.008295163261696192
EUR_USD,2018-04-10 21:00:00,1.2347,56.044535796950754,26.83270015477657,0.008534130609356955
EUR_USD,2018-04-11 21:00:00,1.22991,53.4019135244664,32.2780357394115,0.0074853044874855675
EUR_USD,2018-04-12 21:00:00,1.2307,53.77379529288025,32.883073026593046,0.006930243589988453
EUR_USD,2018-04-15 21:00:00,1.2324,54.58070014434215,29.646827071900532,0.0073001948719907655
EUR_USD,2018-04-16 21:00:00,1.23362,55.16175463739656,34.86703250316532,0.0076401558975926365
EUR_USD,2018-04-17 21:00:00,1.23416,55.42287794667515,39.7354720697898,0.007334124718074122
EUR_USD,2018-04-18 21:00:00,1.23292,54.666619166296044,40.46714506824214,0.00704329977445932
EUR_USD,2018-04-19 21:00:00,1.22498,50.13508569662315,28.310116786266644,0.00610663981956744
EUR_USD,2018-04-22 21:00:00,1.21975,47.454645321008016,8.034332348388437,0.005681311855653971
EUR_USD,2018-04-23 21:00:00,1.21817,46.67476990542942,-8.697820435636652,0.005493049484523215
EUR_USD,2018-04-24 21:00:00,1.21604,45.62900686736136,-17.866997003905293,0.0055364395876185924
EUR_USD,2018-04-25 21:00:00,1.20965,42.662521989014095,-20.495976659996675,0.005423151670094857
EUR_USD,2018-04-26 21:00:00,1.20556,40.90180597794796,-21.772346060322047,0.005068521336075917
EUR_USD,2018-04-29 21:00:00,1.20646,41.4518512225857,-18.466213915356622,0.005722817068860737
EUR_USD,2018-04-30 21:00:00,1.19812,38.0563913140674,-19.424731758225413,0.004970253655088582
EUR_USD,2018-05-01 21:00:00,1.19376,36.442029319308915,-18.381738524456285,0.004992202924070861
EUR_USD,2018-05-02 21:00:00,1.19474,37.06281753023216,-14.235801542698633,0.005419762339256706
EUR_USD,2018-05-03 21:00:00,1.19102,35.69380808710574,-7.688710566072441,0.005299809871405374
EUR_USD,2018-05-06 21:00:00,1.18972,35.22345538946634,-7.23195616122302,0.005599847897124327
EUR_USD,2018-05-07 21:00:00,1.1838,33.16468352910391,-12.764257277878874,0.005317878317699445
EUR_USD,2018-05-08 21:00:00,1.18224,32.644552062593306,-12.137408000459464,0.005434302654159559
EUR_USD,2018-05-09 21:00:00,1.18432,34.07074227082934,-8.579791403146652,0.006831442123327668
EUR_USD,2018-05-10 21:00:00,1.18912,37.24299715883125,-0.27509023619084644,0.007965153698662126
EUR_USD,2018-05-13 21:00:00,1.1926,39.42883081746958,6.607617360496152,0.008476122958929718
EUR_USD,2018-05-14 21:00:00,1.18202,35.5361001171335,5.206771451584633,0.007096898367143757
EUR_USD,2018-05-15 21:00:00,1.17632,33.68273795445535,-1.783213849243135,0.006357518693714976
EUR_USD,2018-05-16 21:00:00,1.17763,34.49497878288122,-8.13031193781239,0.006574014954971959
EUR_USD,2018-05-17 21:00:00,1.17499,33.636123377720594,-9.382246561437904,0.006177211963977586
EUR_USD,2018-05-20 21:00:00,1.17164,32.571571047936246,-8.836824487426517,0.005859769571182088
EUR_USD,2018-05-21 21:00:00,1.17566,35.1205866576195,-8.165796604174192,0.006961815656945647
EUR_USD,2018-05-22 21:00:00,1.16756,32.55531381920055,-12.550106746215269,0.006231452525556546
EUR_USD,2018-05-23 21:00:00,1.16905,33.479903785335566,-8.996987210924813,0.00648516202044525
EUR_USD,2018-05-24 21:00:00,1.16453,32.0989849290269,-11.669866133323866,0.0060561296163562026
EUR_USD,2018-05-27 21:00:00,1.16074,30.99023683599637,-10.920721213027733,0.006514903693084934
EUR_USD,2018-05-28 21:00:00,1.151,28.383756443194883,-19.87865380323804,0.005857922954467916
EUR_USD,2018-05-29 21:00:00,1.15184,28.917138077828596,-17.229159413705496,0.008018338363574313
EUR_USD,2018-05-30 21:00:00,1.1641,36.102443186556826,-2.9224843257206055,0.010534670690859442
EUR_USD,2018-05-31 21:00:00,1.16174,35.39007167845891,12.405559305871941,0.009971736552687589
EUR_USD,2018-06-03 21:00:00,1.16591,37.63927348134891,22.542642382191133,0.010521389242150084
EUR_USD,2018-06-04 21:00:00,1.16525,37.425952700122394,23.373807458802858,0.009883111393720079
EUR_USD,2018-06-05 21:00:00,1.17124,40.587335643809716,30.2399537438564,0.010774489114976069
EUR_USD,2018-06-06 21:00:00,1.17727,43.556995640092055,38.45041919629934,0.011169591291980863
EUR_USD,2018-06-07 21:00:00,1.1727,41.9144639366144,43.834923388262474,0.0096896730335847
EUR_USD,2018-06-10 21:00:00,1.1771,44.017132013053015,50.50730758938213,0.009619738426867742
EUR_USD,2018-06-11 21:00:00,1.17332,42.64519184398339,54.031597049162166,0.008453790741494185
EUR_USD,2018-06-12 21:00:00,1.17254,42.363334325091564,60.976560569031314,0.008121032593195363
EUR_USD,2018-06-13 21:00:00,1.15627,37.07566051627255,44.392353054398825,0.009024826074556288
EUR_USD,2018-06-14 21:00:00,1.15431,36.50778675647672,24.53445193546989,0.008509860859645044
EUR_USD,2018-06-17 21:00:00,1.15654,37.63212224556522,6.9067172036212865,0.008437888687716055
EUR_USD,2018-06-18 21:00:00,1.1531,36.597912551188934,3.5691724573590036,0.008334310950172875
EUR_USD,2018-06-19 21:00:00,1.15356,36.83803247094265,2.7795325331644016,0.008053448760138276
EUR_USD,2018-06-20 21:00:00,1.1508,35.99196557127081,-3.263845020004574,0.008406759008110654
EUR_USD,2018-06-21 21:00:00,1.16004,40.708136374229724,4.042956411875811,0.010073407206488518
EUR_USD,2018-06-24 21:00:00,1.16284,42.04671055234012,13.813434407243506,0.010318725765190832
EUR_USD,2018-06-25 21:00:00,1.16348,42.35443249142991,27.1636133922931,0.010110980612152657
EUR_USD,2018-06-26 21:00:00,1.15403,39.17693026415185,16.90318435404214,0.008832784489722115
EUR_USD,2018-06-27 21:00:00,1.15272,38.759933424973795,4.163871943414557,0.008280227591777697
EUR_USD,2018-06-28 21:00:00,1.15584,40.32488947968157,-5.764011844169997,0.00988818207342218
EUR_USD,2018-07-01 21:00:00,1.15914,41.948066131514906,1.8766756032170588,0.010578545658737771
EUR_USD,2018-07-02 21:00:00,1.16205,43.35361850813006,12.298927613941032,0.010094836526990206
EUR_USD,2018-07-03 21:00:00,1.16304,43.83222985125247,20.341823056300424,0.00930186922159216
EUR_USD,2018-07-04 21:00:00,1.165,44.787643046472304,26.88784629133171,0.009237495377273726
EUR_USD,2018-07-05 21:00:00,1.16798,46.2263005567868,33.51206434316372,0.009757996301818997
EUR_USD,2018-07-08 21:00:00,1.17326,48.67745259381403,44.92850759606804,0.010026397041455175
EUR_USD,2018-07-09 21:00:00,1.16904,46.909530175209134,49.44146559428079,0.008625117633164144
EUR_USD,2018-07-10 21:00:00,1.16656,45.89614611991304,47.85522788203773,0.008268094106531308
EUR_USD,2018-07-11 21:00:00,1.16496,45.24382142218174,41.34479651090589,0.007226475285225059
EUR_USD,2018-07-12 21:00:00,1.16128,43.76384707801534,34.38130762738746,0.006535180228180058
EUR_USD,2018-07-15 21:00:00,1.16758,46.843268751056875,39.03397921932069,0.007484144182544038
EUR_USD,2018-07-16 21:00:00,1.16494,45.75709662651534,39.005897219882456,0.007367315346035212
EUR_USD,2018-07-17 21:00:00,1.16018,43.86018037975169,37.4613872507725,0.0062098522768281525
EUR_USD,2018-07-18 21:00:00,1.15748,42.81857790289002,23.27997753440063,0.006509881821462544
EUR_USD,2018-07-19 21:00:00,1.16264,45.3828822165593,20.050547598988942,0.008483905457170003
EUR_USD,2018-07-22 21:00:00,1.16836,48.054253111434335,31.536085369278354,0.009287124365736038
EUR_USD,2018-07-23 21:00:00,1.16546,46.85237008246733,42.74080314518389,0.008093699492588828
EUR_USD,2018-07-24 21:00:00,1.16642,47.30371325456336,48.04830103903412,0.008158959594071081
EUR_USD,2018-07-25 21:00:00,1.16403,46.29126702526178,40.74434067620053,0.008119167675256857
EUR_USD,2018-07-26 21:00:00,1.16204,45.45331201827614,22.548865605156234,0.006977334140205491
EUR_USD,2018-07-29 21:00:00,1.16484,46.853619900489655,9.137736646046742,0.007549867312164407
EUR_USD,2018-07-30 21:00:00,1.16844,48.60836996352344,8.190976784932754,0.007995893849731506
EUR_USD,2018-07-31 21:00:00,1.16574,47.394276841784404,16.294349540079565,0.006700715079785243
EUR_USD,2018-08-01 21:00:00,1.15816,44.188874296450805,1.6644765659227225,0.005564572063828199
EUR_USD,2018-08-02 21:00:00,1.15596,43.309415035832146,-12.884848891653297,0.005037657651062535
EUR_USD,2018-08-05 21:00:00,1.15298,42.1343657335024,-23.703269219400966,0.00427812612085001
EUR_USD,2018-08-06 21:00:00,1.155,43.21472418281104,-11.804490296623419,0.004994500896680049
EUR_USD,2018-08-07 21:00:00,1.15732,44.447018371905706,-3.982826586513202,0.005555600717344045
EUR_USD,2018-08-08 21:00:00,1.15256,42.4899452299224,-2.000366605762576,0.005364480573875268
EUR_USD,2018-08-09 21:00:00,1.13882,37.55245955959828,-22.22654325788777,0.004515584459100217
EUR_USD,2018-08-12 21:00:00,1.13652,36.81171229542315,-26.082319967438224,0.004838467567280167
EUR_USD,2018-08-13 21:00:00,1.133,35.69690371884846,-25.00505813678804,0.005154774053824153
EUR_USD,2018-08-14 21:00:00,1.1301,34.798738216346294,-7.894135497016638,0.00463181924305932
EUR_USD,2018-08-15 21:00:00,1.13358,36.77356505087177,-8.18003629946332,0.005867455394447453
EUR_USD,2018-08-16 21:00:00,1.13666,38.47959608516933,-2.8449268212465193,0.006877964315557971
EUR_USD,2018-08-19 21:00:00,1.13946,40.002087814862925,4.903098524738451,0.007876371452446386
EUR_USD,2018-08-20 21:00:00,1.1481,44.39477553678949,16.986154184870795,0.01043909716195713
EUR_USD,2018-08-21 21:00:00,1.15532,47.704595926953864,32.550391470930876,0.011191277729565746
EUR_USD,2018-08-22 21:00:00,1.15299,46.775104107308266,43.81975678827226,0.009893022183652626
EUR_USD,2018-08-23 21:00:00,1.15346,46.990631845715775,48.28419123771423,0.01012041774692212
EUR_USD,2018-08-26 21:00:00,1.15947,49.68575834001342,51.74079626853225,0.01128433419753771
EUR_USD,2018-08-27 21:00:00,1.16623,52.49605204696298,63.61802118457576,0.011807467358030174
EUR_USD,2018-08-28 21:00:00,1.16521,52.04232548258323,74.22680844256756,0.0103959738864241
EUR_USD,2018-08-29 21:00:00,1.16416,51.56769279097344,78.92700541655934,0.009644779109139277
EUR_USD,2018-08-30 21:00:00,1.15844,49.04687043671093,72.2293869830625,0.008707823287311392
EUR_USD,2018-09-02 21:00:00,1.15894,49.27111251558329,66.83862092683344,0.007836258629849128
EUR_USD,2018-09-03 21:00:00,1.15302,46.751043055771426,57.260768635542796,0.006909006903879277
EUR_USD,2018-09-04 21:00:00,1.15432,47.36263142154466,53.71851087610688,0.007743205523103418
EUR_USD,2018-09-05 21:00:00,1.16054,50.19402254997281,55.0941449574411,0.008518564418482727
EUR_USD,2018-09-06 21:00:00,1.15505,47.84417347336213,56.839480698134054,0.0076988515347862
EUR_USD,2018-09-09 21:00:00,1.1526,46.83201661036348,55.36067406069966,0.007533081227828947
EUR_USD,2018-09-10 21:00:00,1.15656,48.648471032893205,51.93878428338053,0.008386464982263165
EUR_USD,2018-09-11 21:00:00,1.15702,48.8584299269768,53.625278385626814,0.008397171985810532
EUR_USD,2018-09-12 21:00:00,1.1609,50.62011440424629,59.85568867690889,0.009337737588648448
EUR_USD,2018-09-13 21:00:00,1.16207,51.14509067710327,61.50536244016635,0.00972619007091875
EUR_USD,2018-09-16 21:00:00,1.16178,51.00604846519464,60.26954853619537,0.009326952056735002
EUR_USD,2018-09-17 21:00:00,1.1652,52.57882279074521,58.01619400761145,0.009601561645387988
EUR_USD,2018-09-18 21:00:00,1.165,52.47691218996551,56.59909232513462,0.008945249316310367
EUR_USD,2018-09-19 21:00:00,1.16688,53.3560459796005,56.27821636865978,0.0098481994530483
EUR_USD,2018-09-20 21:00:00,1.17331,56.22146367974286,61.032092702113495,0.010562559562438638
EUR_USD,2018-09-23 21:00:00,1.1724,55.72032274328481,63.89600593155827,0.010090047649950909
EUR_USD,2018-09-24 21:00:00,1.17308,56.023342348586915,69.00861057473851,0.009444038119960701
EUR_USD,2018-09-25 21:00:00,1.17258,55.73323091165243,67.00324108701044,0.008891230495968565
EUR_USD,2018-09-26 21:00:00,1.1639,50.99120335220296,56.407379705808516,0.0077409843967748805
EUR_USD,2018-09-27 21:00:00,1.15698,47.64770245892008,36.337571677885286,0.006440787517419931
EUR_USD,2018-09-30 21:00:00,1.15634,47.350652642606676,16.093243580154,0.006262630013935977
EUR_USD,2018-10-01 21:00:00,1.15052,44.727473453674826,-0.5858888057846107,0.005358104011148797
EUR_USD,2018-10-02 21:00:00,1.1464,42.98364902031662,-13.774619795562494,0.006062483208919038
EUR_USD,2018-10-03 21:00:00,1.14636,42.96682430672507,-16.70782361682532,0.006429986567135235
EUR_USD,2018-10-04 21:00:00,1.14838,44.10969091747082,-10.414285312754357,0.006875989253708166
EUR_USD,2018-10-07 21:00:00,1.146,43.058041213434684,-1.3079551000486989,0.006420791402966521
EUR_USD,2018-10-08 21:00:00,1.14322,41.85231778639954,-4.372864812103487,0.006006633122373232
EUR_USD,2018-10-09 21:00:00,1.14798,44.6001332541866,-4.763299170326967,0.0070633064978985905
EUR_USD,2018-10-10 21:00:00,1.15201,46.8019064224661,1.102977061981524,0.008046645198318894
EUR_USD,2018-10-11 21:00:00,1.15344,47.56684071182513,11.07857491459263,0.008247316158655116
EUR_USD,2018-10-14 21:00:00,1.15397,47.854321924615235,16.92532942898982,0.008037852926924069
EUR_USD,2018-10-15 21:00:00,1.15658,49.27124267463996,21.386041971693526,0.008068282341539283
EUR_USD,2018-10-16 21:00:00,1.14962,45.83549577342232,17.657393850658952,0.0067426258732314484
EUR_USD,2018-10-17 21:00:00,1.14496,43.72373445926004,8.86285993167415,0.006014100698585136
EUR_USD,2018-10-18 21:00:00,1.14332,43.00243250715466,-2.0371963560360133,0.006515280558868125
EUR_USD,2018-10-21 21:00:00,1.14558,44.31206317195143,-4.049239291323496,0.007554224447094523
EUR_USD,2018-10-22 21:00:00,1.14396,43.56971597164857,-3.0834025815790516,0.006723379557675589
EUR_USD,2018-10-23 21:00:00,1.13786,40.90068413948138,-9.444778707963449,0.006126703646140442
EUR_USD,2018-10-24 21:00:00,1.13561,39.966481939696635,-14.339874852847045,0.005985362916912351
EUR_USD,2018-10-25 21:00:00,1.13357,39.12823594318767,-18.058646814524362,0.006082290333529876
EUR_USD,2018-10-28 21:00:00,1.13607,40.7048586377624,-11.601440162195956,0.006481832266823919
EUR_USD,2018-10-29 21:00:00,1.13404,39.83811638581667,-11.301758158215753,0.0057274658134591335
EUR_USD,2018-10-30 21:00:00,1.1302,38.24454452099276,-11.277113176071653,0.0049819726507673075
EUR_USD,2018-10-31 21:00:00,1.13078,38.62813007172412,-9.859246566715674,0.006433578120613808
EUR_USD,2018-11-01 21:00:00,1.1372,42.70330953266636,1.0541841740356246,0.008114862496491085
EUR_USD,2018-11-04 22:00:00,1.13534,41.870046718141175,10.63829787234019,0.007535889997192869
EUR_USD,2018-11-05 22:00:00,1.13916,44.183991128612725,19.643240919836476,0.007722711997754291
EUR_USD,2018-11-06 22:00:00,1.13951,44.39379049745579,22.125510423382607,0.008354169598203433
EUR_USD,2018-11-07 22:00:00,1.13515,42.34278637390993,21.92134107027718,0.007721335678562752
EUR_USD,2018-11-08 22:00:00,1.1316,40.75676466438767,13.797549967762672,0.006535068542850194
EUR_USD,2018-11-11 22:00:00,1.12155,36.72786590864969,-5.5018267784225285,0.005536054834280175
EUR_USD,2018-11-12 22:00:00,1.12164,36.78575560983128,-9.995138570347683,0.005998843867424123
EUR_USD,2018-11-13 22:00:00,1.12632,39.75103107560261,-5.990096127041849,0.007431075093939312
EUR_USD,2018-11-14 22:00:00,1.12706,40.209794999982655,9.5576262616926,0.00793486007515143
EUR_USD,2018-11-15 22:00:00,1.13216,43.28852965762577,20.10645776840426,0.009349888060121138
EUR_USD,2018-11-18 22:00:00,1.1394,47.27552842022959,36.36361175750775,0.010345910448096901
EUR_USD,2018-11-19 22:00:00,1.13586,45.652133347748006,47.693172841801584,0.009840728358477508
EUR_USD,2018-11-20 22:00:00,1.13654,46.02047075926916,54.7044917257687,0.009202582686781972
EUR_USD,2018-11-21 22:00:00,1.1381,46.87495021059173,53.16784869976388,0.00873006614942557
EUR_USD,2018-11-22 22:00:00,1.13276,44.38685594833048,49.50354609929095,0.007788052919540484
EUR_USD,2018-11-25 22:00:00,1.1325,44.268503784726285,44.72813238770697,0.007346442335632371
EUR_USD,2018-11-26 22:00:00,1.12774,42.14047216415853,32.4822695035463,0.0062571538685059
EUR_USD,2018-11-27 22:00:00,1.12674,41.704774417613486,25.366430260047583,0.007217723094804734
EUR_USD,2018-11-28 22:00:00,1.13492,46.39474226451208,28.22695035461007,0.008462178475843768
EUR_USD,2018-11-29 22:00:00,1.13054,44.41542783124529,31.536643026005034,0.007797742780675044
EUR_USD,2018-12-02 22:00:00,1.13193,45.18318480776648,37.67139479905471,0.0077221942245400315
EUR_USD,2018-12-03 22:00:00,1.13186,45.15069550095371,34.05437352245915,0.008165755379631993
EUR_USD,2018-12-04 22:00:00,1.1311,44.788974657161106,35.932492776464834,0.0073886043037055624
EUR_USD,2018-12-05 22:00:00,1.13212,45.396327101049,37.50722353559268,0.007940883442964472
EUR_USD,2018-12-06 22:00:00,1.13603,47.67873392803444,44.29997373259826,0.008406706754371579
EUR_USD,2018-12-09 22:00:00,1.13506,47.172699384949944,49.50091935907576,0.008375365403497238
EUR_USD,2018-12-10 22:00:00,1.13062,44.915419546192105,38.99655067534878,0.007702292322797783
EUR_USD,2018-12-11 22:00:00,1.13148,45.43856111059642,24.83360955854187,0.007789833858238233
EUR_USD,2018-12-12 22:00:00,1.13312,46.441980170284424,14.951604809603381,0.007805867086590596
EUR_USD,2018-12-13 22:00:00,1.12701,43.36809595166654,8.23248991565808,0.006960693669272504
EUR_USD,2018-12-16 22:00:00,1.12998,45.192232661482784,5.482214888155205,0.007324554935418006
EUR_USD,2018-12-17 22:00:00,1.1337,47.38802163623203,8.193942753855163,0.007911643948334393
EUR_USD,2018-12-18 22:00:00,1.13618,48.80260438099276,27.532779524671252,0.008373315158667538
EUR_USD,2018-12-19 22:00:00,1.13696,49.24659630933977,39.33386400470394,0.009174652126934043
EUR_USD,2018-12-20 22:00:00,1.13561,48.4936320860159,40.360650359278615,0.009431721701547262
EUR_USD,2018-12-23 22:00:00,1.13614,48.81149213791572,36.86816939890676,0.009195377361237827
EUR_USD,2018-12-25 22:00:00,1.13432,47.764368792155715,32.359972677595316,0.008532301888990283
EUR_USD,2018-12-26 22:00:00,1.13524,48.343847535695026,30.185203453264776,0.009045841511192249
EUR_USD,2018-12-27 22:00:00,1.14274,52.76309936202144,40.78152838062459,0.00964467320895381
EUR_USD,2018-12-30 22:00:00,1.14216,52.40443787180285,53.428154631656106,0.008531738567163022
EUR_USD,2019-01-01 22:00:00,1.1325,46.91035099890726,48.194166195302444,0.008333390853730393
EUR_USD,2019-01-02 22:00:00,1.13091,46.0876253404801,26.554883751327306,0.008390712682984285
EUR_USD,2019-01-03 22:00:00,1.13458,48.25458310360741,12.27257123240682,0.008910570146387395
EUR_USD,2019-01-06 22:00:00,1.13972,51.10213838237244,24.66529351184384,0.009866456117109913
EUR_USD,2019-01-07 22:00:00,1.14219,52.40418382854007,44.02677651905284,0.009645164893687906
EUR_USD,2019-01-08 22:00:00,1.14364,53.1615966693388,54.069126203995545,0.010446131914950313
EUR_USD,2019-01-09 22:00:00,1.14846,55.59172963259925,60.52857692666055,0.011032905531960239
EUR_USD,2019-01-10 22:00:00,1.14582,54.00415100820909,59.4574622448676,0.009946324425568202
EUR_USD,2019-01-13 22:00:00,1.14508,53.56062231553075,60.48366990775413,0.008433059540454571
EUR_USD,2019-01-14 22:00:00,1.13822,49.65013681645323,47.71877337322405,0.007526447632363616
EUR_USD,2019-01-15 22:00:00,1.13779,49.416187436934315,33.45492761484566,0.006873158105890879
EUR_USD,2019-01-16 22:00:00,1.13702,48.98858334236952,18.98335280312941,0.0060605264847127
EUR_USD,2019-01-17 22:00:00,1.13532,48.039182353968236,10.568031704095574,0.005652421187770187
EUR_USD,2019-01-20 22:00:00,1.13569,48.26492620589989,7.485689123734514,0.0052859369502161364
EUR_USD,2019-01-21 22:00:00,1.1336,47.069970788534626,2.4658740642893693,0.004566749560172903
EUR_USD,2019-01-22 22:00:00,1.13508,48.01284720879999,2.1136063408195063,0.0048253996481383175
EUR_USD,2019-01-23 22:00:00,1.12894,44.60291462475285,-7.793923381769709,0.004674319718510658
EUR_USD,2019-01-24 22:00:00,1.13004,45.32260176711333,-7.126610626874565,0.006303455774808537
EUR_USD,2019-01-27 22:00:00,1.13904,50.739253330426834,2.612762311050952,0.007912764619846847
EUR_USD,2019-01-28 22:00:00,1.14113,51.88433531456385,23.975512243878356,0.0075262116958774525
EUR_USD,2019-01-29 22:00:00,1.14063,51.587560149782036,37.206396801599595,0.007830969356701963
EUR_USD,2019-01-30 22:00:00,1.1436,53.2313848779706,42.90354822588731,0.008426775485361568
EUR_USD,2019-01-31 22:00:00,1.14345,53.13711897991959,45.802098950525114,0.007789420388289281
EUR_USD,2019-02-03 22:00:00,1.14244,52.489657471700355,48.06346826586728,0.0067475363106314305
EUR_USD,2019-02-04 22:00:00,1.14011,51.006460127667104,43.70314842578733,0.005718029048505154
EUR_USD,2019-02-05 22:00:00,1.13608,48.55173786162376,34.49525237381321,0.004744423238804127
EUR_USD,2019-02-06 22:00:00,1.13247,46.47893153243454,22.371065731889917,0.003957538591043298
EUR_USD,2019-02-07 22:00:00,1.13212,46.280761244924655,12.976675249406151,0.003690030872834607
EUR_USD,2019-02-10 22:00:00,1.12674,43.3422247321633,0.11805716508360457,0.003148024698267682
EUR_USD,2019-02-11 22:00:00,1.12578,42.840120941611275,-5.525597135794629,0.003964419758614115
EUR_USD,2019-02-12 22:00:00,1.12602,43.0108618764079,-10.651444430930205,0.0048455358068912905
EUR_USD,2019-02-13 22:00:00,1.12493,42.41559673916691,-6.393561384281717,0.004866428645513034
EUR_USD,2019-02-14 22:00:00,1.12343,41.59605243235861,-7.13943761908346,0.005029142916410409
EUR_USD,2019-02-17 22:00:00,1.12896,45.60442049567118,-0.9703645423553434,0.006013314333128352
EUR_USD,2019-02-18 22:00:00,1.12756,44.79918726860584,2.4783634933119925,0.00617065146650271
EUR_USD,2019-02-19 22:00:00,1.1325,48.14157073424362,14.37188565434023,0.006848521173202171
EUR_USD,2019-02-20 22:00:00,1.13204,47.86240669433798,18.410700236034398,0.006306816938561744
EUR_USD,2019-02-21 22:00:00,1.13162,47.6016855431191,23.734592184631534,0.005749453550849389
EUR_USD,2019-02-24 22:00:00,1.13286,48.45917492409253,24.20666142145282,0.005625562840679483
EUR_USD,2019-02-25 22:00:00,1.13453,49.60809612460857,27.471806976134314,0.005984450272543584
EUR_USD,2019-02-26 22:00:00,1.13624,50.770526536636986,33.530028848675414,0.005953560218034868
EUR_USD,2019-02-27 22:00:00,1.13596,50.57291632976072,39.0801407519319,0.005908848174427898
EUR_USD,2019-02-28 22:00:00,1.13532,50.1117238178316,43.41320238791176,0.0057070785395423
EUR_USD,2019-03-03 22:00:00,1.13092,47.05955847573792,39.075684235600875,0.005163662831633805
EUR_USD,2019-03-04 22:00:00,1.12896,45.774799051254305,30.700457459697006,0.004770930265307062
EUR_USD,2019-03-05 22:00:00,1.12854,45.49944180579217,20.474661266884436,0.004516744212245662
EUR_USD,2019-03-06 22:00:00,1.11764,39.17302707121804,-6.102403343782761,0.004309395369796515
EUR_USD,2019-03-07 22:00:00,1.11854,39.88696347134089,-13.47079276130223,0.004841516295837241
EUR_USD,2019-03-10 21:00:00,1.12218,42.70077002955428,-14.592707668691872,0.005337213036669791
EUR_USD,2019-03-11 21:00:00,1.12452,44.430582973127926,10.516224188790702,0.005933770429335854
EUR_USD,2019-03-12 21:00:00,1.12776,46.73389973799873,24.11504424778779,0.006617016343468678
EUR_USD,2019-03-13 21:00:00,1.12942,47.878931343227144,34.793510324484174,0.006493613074774944
EUR_USD,2019-03-14 21:00:00,1.12998,48.2670256008543,42.84660766961696,0.006198890459819916
EUR_USD,2019-03-17 21:00:00,1.13194,49.625117785657054,49.01179941002973,0.006139112367855936
EUR_USD,2019-03-18 21:00:00,1.13338,50.610547581839434,54.852507374631465,0.005755289894284772
EUR_USD,2019-03-19 21:00:00,1.13358,50.74897358907791,57.81519666649305,0.0068922319154277965
EUR_USD,2019-03-20 21:00:00,1.13428,51.24374559206892,58.80386088750597,0.0075497855323422534
EUR_USD,2019-03-21 21:00:00,1.12736,46.46965565145408,48.60510805500984,0.006995828425873804
EUR_USD,2019-03-24 21:00:00,1.12892,47.60795590816545,42.501637197118406,0.006752662740699068
EUR_USD,2019-03-25 21:00:00,1.12634,45.93672970961744,32.10216110019625,0.006136130192559267
EUR_USD,2019-03-26 21:00:00,1.12423,44.611804105908895,28.002619515389625,0.005352904154047437
EUR_USD,2019-03-27 21:00:00,1.12137,42.8777208455544,18.113948919449932,0.004660323323237939
EUR_USD,2019-03-28 21:00:00,1.121,42.65582079035622,11.119842829076774,0.004386258658590355
EUR_USD,2019-03-31 21:00:00,1.12041,42.29475546726974,6.116568434839498,0.004305006926872303
EUR_USD,2019-04-01 21:00:00,1.11839,41.06367096710451,2.2134905042566744,0.0036840055414978606
EUR_USD,2019-04-02 21:00:00,1.1201,42.528614911172404,1.0347085789129917,0.004361204433198271
EUR_USD,2019-04-03 21:00:00,1.12061,42.96600510321934,1.2966601178785453,0.004424963546558577
EUR_USD,2019-04-04 21:00:00,1.12103,43.333411585424116,3.413555992141783,0.004345970837246857
EUR_USD,2019-04-07 21:00:00,1.12144,43.699665118791614,3.8508754978691613,0.0047627766697974725
EUR_USD,2019-04-08 21:00:00,1.12553,47.220021819633715,9.207650273224008,0.005206221335837975
EUR_USD,2019-04-09 21:00:00,1.12298,45.389514947990435,11.87158469945368,0.004810977068670393
EUR_USD,2019-04-10 21:00:00,1.125,47.07092609098911,16.734972677595774,0.005000781654936312
EUR_USD,2019-04-11 21:00:00,1.12536,47.369676367539796,16.502732240437297,0.005478625323949052
EUR_USD,2019-04-14 21:00:00,1.12976,50.875466335360244,25.76502732240453,0.00573090025915928
EUR_USD,2019-04-15 21:00:00,1.12796,49.48061467161373,29.80874316939917,0.004912720207327396
EUR_USD,2019-04-16 21:00:00,1.12788,49.418320367186716,33.714208118523814,0.004812176165861923
EUR_USD,2019-04-17 21:00:00,1.12263,45.52718263306418,24.906719668982216,0.0043577409326895356
EUR_USD,2019-04-18 21:00:00,1.1229,45.754420494776404,21.10512500286535,0.003914192746151635
EUR_USD,2019-04-21 21:00:00,1.1236,46.35461327811887,19.16096865547115,0.003791354196921324
EUR_USD,2019-04-22 21:00:00,1.11924,43.26983893054677,11.922901503805667,0.0035370833575370754
EUR_USD,2019-04-23 21:00:00,1.11406,39.998394656119864,-12.286994304898279,0.003517666686029638
EUR_USD,2019-04-24 21:00:00,1.11184,38.70114219718448,-27.934032612394997,0.003252133348823694
EUR_USD,2019-04-25 21:00:00,1.11115,38.30173147283718,-28.208922256747822,0.0037117066790589887
EUR_USD,2019-04-28 21:00:00,1.11452,41.359453588408655,-8.205117364980746,0.004475365343247154
EUR_USD,2019-04-29 21:00:00,1.1176,43.98415556202291,6.374848011116995,0.005260292274597716
EUR_USD,2019-04-30 21:00:00,1.11873,44.91983737281548,19.541427826993154,0.005986233819678186
EUR_USD,2019-05-01 21:00:00,1.1171,43.82740275899144,24.022928608650304,0.005424987055742542
EUR_USD,2019-05-02 21:00:00,1.11354,41.5446542071315,16.9706444328644,0.005015989644594021
EUR_USD,2019-05-05 21:00:00,1.11708,44.51732134570734,14.10456835157219,0.005490791715675219
EUR_USD,2019-05-06 21:00:00,1.11666,44.24118846820823,13.34028139656091,0.005336633372540142
EUR_USD,2019-05-07 21:00:00,1.11829,45.59600795117313,21.591106479069197,0.0052093066980320995
EUR_USD,2019-05-08 21:00:00,1.11736,44.951350114850804,22.077470904985187,0.005529445358425676
EUR_USD,2019-05-09 21:00:00,1.12142,48.255308649036095,30.36056261914804,0.006023556286740543
EUR_USD,2019-05-12 21:00:00,1.12222,48.880711599847054,37.20338099208151,0.005806845029392424
EUR_USD,2019-05-13 21:00:00,1.12012,47.32739739990606,42.01008520257349,0.005077476023513927
EUR_USD,2019-05-14 21:00:00,1.1178,45.668828156008956,36.621293554764094,0.004529980818811143
EUR_USD,2019-05-15 21:00:00,1.11664,44.85574986171415,29.565105858680152,0.0045439846550489466
EUR_USD,2019-05-16 21:00:00,1.11553,44.07890984149053,23.376408868893567,0.003993187724039149
EUR_USD,2019-05-19 21:00:00,1.11508,43.761065743430606,19.187358916478914,0.0035845501792313435
EUR_USD,2019-05-20 21:00:00,1.1142,43.131885373932896,13.067469275144594,0.003611640143385064
EUR_USD,2019-05-21 21:00:00,1.11488,43.778049259884746,11.437170805117466,0.0036533121147080383
EUR_USD,2019-05-22 21:00:00,1.11072,40.841210318649104,0.5016302984705296,0.0036986496917664076
EUR_USD,2019-05-23 21:00:00,1.11737,46.748731084966096,5.651136463777884,0.005056919753413148
EUR_USD,2019-05-26 21:00:00,1.11872,47.84253095067171,12.091265657738319,0.004875535802730539
EUR_USD,2019-05-27 21:00:00,1.11594,45.83687166439592,20.850885912181596,0.0041244286421844335
EUR_USD,2019-05-28 21:00:00,1.11244,43.46376706038275,5.428244493083304,0.003559542913747563
EUR_USD,2019-05-29 21:00:00,1.11162,42.92514670121703,-9.284432581947678,0.00322563433099804
EUR_USD,2019-05-30 21:00:00,1.11252,43.717071604478605,-12.815900627425902,0.0038505074647984033
EUR_USD,2019-06-02 21:00:00,1.11603,46.700724942059495,2.6623767848086204,0.00581640597183875
EUR_USD,2019-06-03 21:00:00,1.12265,51.69672446746167,28.606070464623517,0.006995124777470978
EUR_USD,2019-06-04 21:00:00,1.12198,51.194309182513265,46.60263846119153,0.007202099821976779
EUR_USD,2019-06-05 21:00:00,1.12018,49.847928441837134,52.3487441429893,0.007545679857581432
EUR_USD,2019-06-06 21:00:00,1.12514,53.3455416743706,49.09763363276601,0.008956543886065135
EUR_USD,2019-06-09 21:00:00,1.12901,55.831794051533606,56.62804831093927,0.008759235108852115
EUR_USD,2019-06-10 21:00:00,1.13013,56.52540811183469,69.41140591643865,0.007957388087081699
EUR_USD,2019-06-11 21:00:00,1.12825,55.02492648001437,74.15370539798782,0.0072079104696653245
EUR_USD,2019-06-12 21:00:00,1.12686,53.92996875175695,70.87526684964978,0.006188328375732271
EUR_USD,2019-06-13 21:00:00,1.12025,49.12137272535163,55.809698078682835,0.005362662700585807
EUR_USD,2019-06-16 21:00:00,1.12039,49.22057593608449,43.824336688014974,0.005180130160468659
EUR_USD,2019-06-17 21:00:00,1.11816,47.68841865716612,30.558096980787266,0.004922104128374917
EUR_USD,2019-06-18 21:00:00,1.11873,48.11547751203304,28.240317169869353,0.005385683302699916
EUR_USD,2019-06-19 21:00:00,1.12264,50.95663496305651,31.671241232083574,0.006910546642159926
EUR_USD,2019-06-20 21:00:00,1.12831,54.679535144792325,44.31655943610573,0.008556437313727927
EUR_USD,2019-06-23 21:00:00,1.13672,59.40758663251102,64.31613010257438,0.009265149850982342
EUR_USD,2019-06-24 21:00:00,1.13442,57.70443950834979,74.81844863673041,0.008312119880785864
EUR_USD,2019-06-25 21:00:00,1.13476,57.889059841733165,79.90727113103793,0.007593695904628704
EUR_USD,2019-06-26 21:00:00,1.13479,57.905831356060084,76.80800942285067,0.006752956723702964
EUR_USD,2019-06-27 21:00:00,1.13508,58.07281465944498,76.49087952034738,0.006314365378962395
EUR_USD,2019-06-30 21:00:00,1.12812,52.8661097638031,64.12422891045927,0.0054574923031699115
EUR_USD,2019-07-01 21:00:00,1.12752,52.44676228317801,50.80732952826825,0.005169993842535912
EUR_USD,2019-07-02 21:00:00,1.12689,51.998737498207625,37.282708142726925,0.004877995074028706
EUR_USD,2019-07-03 21:00:00,1.12733,52.29317913116636,36.078072583104976,0.004428396059222992
EUR_USD,2019-07-04 21:00:00,1.12076,47.76720242721286,25.770051845074935,0.0038327168473783844
EUR_USD,2019-07-07 21:00:00,1.12071,47.73467654053353,16.346447087527125,0.0036021734779027106
EUR_USD,2019-07-08 21:00:00,1.11935,46.83728248603362,4.178103080208005,0.0031157387823221474
EUR_USD,2019-07-09 21:00:00,1.1202,47.47571155871418,3.3241842025015487,0.003908591025857713
EUR_USD,2019-07-10 21:00:00,1.12454,50.60864035933552,9.164379383959313,0.004802872820686137
EUR_USD,2019-07-11 21:00:00,1.12382,50.09582864657214,15.9804818542246,0.00443429825654888
EUR_USD,2019-07-14 21:00:00,1.12532,51.1623511744109,23.78774016468513,0.0044614386052390965
EUR_USD,2019-07-15 21:00:00,1.1202,47.57238721481996,17.169868862458824,0.0037751508841912503
EUR_USD,2019-07-16 21:00:00,1.11998,47.42447022536465,9.115147495282693,0.003652120707352966
EUR_USD,2019-07-17 21:00:00,1.12052,47.83630761723155,-0.34752096694394435,0.004533696565882365
EUR_USD,2019-07-18 21:00:00,1.12036,47.721727897099704,-2.2634750040706417,0.005164957252705887
EUR_USD,2019-07-21 21:00:00,1.12063,47.93941175041665,-1.205015469792772,0.004567965802164725
EUR_USD,2019-07-22 21:00:00,1.1146,43.732299407476994,-11.851989010930623,0.0037203726417317684
EUR_USD,2019-07-23 21:00:00,1.1127,42.516101125630584,-14.637131191343341,0.003172298113385411
EUR_USD,2019-07-24 21:00:00,1.11014,40.92956901821219,-19.65418039001778,0.003751838490708333
EUR_USD,2019-07-25 21:00:00,1.1112,41.85889456459678,-12.817441883063028,0.003997470792566663
EUR_USD,2019-07-28 21:00:00,1.1113,41.94802624984177,-11.469938898835418,0.003973976634053352
EUR_USD,2019-07-29 21:00:00,1.11321,43.6547482280023,-5.028192635953424,0.0041431813072426915
GBP_USD,2011-01-01 22:00:00,1.5425,,,
GBP_USD,2011-01-02 22:00:00,1.55359,,,
GBP_USD,2011-01-03 22:00:00,1.54343,,,
GBP_USD,2011-01-04 22:00:00,1.5455,,,
GBP_USD,2011-01-05 22:00:00,1.54506,,,
GBP_USD,2011-01-06 22:00:00,1.54488,,,0.015045999999999938
GBP_USD,2011-01-08 22:00:00,1.5407,,,0.01464479999999994
GBP_USD,2011-01-09 22:00:00,1.55004,,,0.014607839999999981
GBP_USD,2011-01-10 22:00:00,1.54752,,,0.013740271999999986
GBP_USD,2011-01-11 22:00:00,1.55133,,,0.014278217599999978
GBP_USD,2011-01-12 22:00:00,1.55834,,,0.016768574079999966
GBP_USD,2011-01-13 22:00:00,1.57187,,,0.019422859263999944
GBP_USD,2011-01-14 22:00:00,1.58102,,,0.018944287411199932
GBP_USD,2011-01-15 22:00:00,1.58629,,,0.016665429928959936
GBP_USD,2011-01-16 22:00:00,1.58357,,,0.015174343943167938
GBP_USD,2011-01-17 22:00:00,1.58784,,,0.016611475154534382
GBP_USD,2011-01-18 22:00:00,1.59456,,,0.016481180123627502
GBP_USD,2011-01-19 22:00:00,1.58384,,,0.014460944098902011
GBP_USD,2011-01-20 22:00:00,1.5867,,,0.015144755279121633
GBP_USD,2011-01-21 22:00:00,1.59995,,,0.014765804223297305
GBP_USD,2011-01-22 22:00:00,1.59673,,,0.012042643378637842
GBP_USD,2011-01-23 22:00:00,1.59214,,83.75632295298156,0.010564114702910283
GBP_USD,2011-01-24 22:00:00,1.5751,,69.39088892680421,0.010363291762328185
GBP_USD,2011-01-25 22:00:00,1.577,,58.169823124608904,0.012002633409862575
GBP_USD,2011-01-26 22:00:00,1.58808,,55.86077461184079,0.014010106727890072
GBP_USD,2011-01-27 22:00:00,1.5826,,60.126258317693065,0.01293008538231206
GBP_USD,2011-01-28 22:00:00,1.58553,,63.90963030344583,0.010954068305849649
GBP_USD,2011-01-29 22:00:00,1.58244,,59.472325570327875,0.00879925464467969
GBP_USD,2011-01-30 22:00:00,1.5822,,56.46845161140222,0.011535403715743719
GBP_USD,2011-01-31 22:00:00,1.6011,,60.07227825359559,0.016076322972594988
GBP_USD,2011-02-01 22:00:00,1.61286,67.6323175621491,67.3853413688233,0.017257058378076014
GBP_USD,2011-02-02 22:00:00,1.61216,67.38774048230778,72.29275827539097,0.01679964670246084
GBP_USD,2011-02-03 22:00:00,1.60366,64.45959145114159,63.82921612649806,0.014455717361968668
GBP_USD,2011-02-04 22:00:00,1.61105,65.79629234191597,58.93530606324331,0.013042573889574938
GBP_USD,2011-02-05 22:00:00,1.60738,64.54906207785459,55.46852335364076,0.010434059111659951
GBP_USD,2011-02-06 22:00:00,1.60899,64.85143016063478,59.33420365535227,0.010579247289327973
GBP_USD,2011-02-07 22:00:00,1.60283,62.73362174191097,53.37249782419466,0.009913397831462376
GBP_USD,2011-02-08 22:00:00,1.60332,62.833496890532444,50.42790832608039,0.009862718265169903
GBP_USD,2011-02-09 22:00:00,1.60121,62.092208851822846,44.785320568610196,0.009994174612135896
GBP_USD,2011-02-10 22:00:00,1.59634,60.39107576811483,40.07832898172314,0.01001733968970873
GBP_USD,2011-02-11 22:00:00,1.60061,61.351484649181415,38.112851755149315,0.008867871751766983
GBP_USD,2011-02-12 22:00:00,1.59857,60.624976892528466,36.198143313025746,0.00717829740141356
GBP_USD,2011-02-13 22:00:00,1.59818,60.483329506149474,37.53263707571782,0.007588637921130818
GBP_USD,2011-02-14 22:00:00,1.6008,61.11472588285782,36.330694448996105,0.009858910336904647
GBP_USD,2011-02-15 22:00:00,1.59878,60.345699218292864,35.043135764974856,0.011439128269523717
GBP_USD,2011-02-16 22:00:00,1.60756,62.469187644919465,40.84146908414689,0.013127302615618954
GBP_USD,2011-02-17 22:00:00,1.61488,64.12602152640719,51.751123508445716,0.01424984209249516
GBP_USD,2011-02-18 22:00:00,1.62536,66.32762075705614,72.34619556795276,0.013495873673996092
GBP_USD,2011-02-19 22:00:00,1.62502,66.19128792880247,84.83659792753171,0.011042698939196887
GBP_USD,2011-02-20 22:00:00,1.62048,64.36382709672517,86.46011730546877,0.00907615915135754
GBP_USD,2011-02-21 22:00:00,1.61018,60.44706584835828,68.17713697219308,0.007728927321086034
GBP_USD,2011-02-22 22:00:00,1.61333,61.194166038369524,55.06299371690657,0.009623141856868848
GBP_USD,2011-02-23 22:00:00,1.60854,59.4283635340928,41.5767748193663,0.010126513485495087
GBP_USD,2011-02-24 22:00:00,1.60314,57.493577498211415,33.60065086006503,0.009613210788396073
GBP_USD,2011-02-25 22:00:00,1.6118,59.6717674519847,31.822408182240732,0.00944256863071688
GBP_USD,2011-02-26 22:00:00,1.60988,58.97859355290503,33.379823337982124,0.007554054904573504
GBP_USD,2011-02-27 22:00:00,1.60718,57.99848153298132,37.97328605405723,0.00960324392365881
GBP_USD,2011-02-28 22:00:00,1.62522,62.32582243548447,48.5504948788537,0.01283859513892703
GBP_USD,2011-03-01 22:00:00,1.62159,61.01723722895031,56.929087599066,0.01210687611114162
GBP_USD,2011-03-02 22:00:00,1.62538,61.881655349839065,72.08653221942616,0.012053500888913268
GBP_USD,2011-03-03 22:00:00,1.62358,61.214750488693795,69.51447245564891,0.010678800711130606
GBP_USD,2011-03-04 22:00:00,1.6268,61.97315152535536,74.37908496732018,0.009187040568904487
GBP_USD,2011-03-05 22:00:00,1.62558,61.501797356973285,73.1744013912047,0.007659632455123578
GBP_USD,2011-03-06 22:00:00,1.6183,58.74375895547476,61.72423096158722,0.007855705964098859
GBP_USD,2011-03-07 22:00:00,1.61256,56.670869479677954,39.58345497247681,0.006796564771279067
GBP_USD,2011-03-08 22:00:00,1.61388,57.03157199796714,19.866544685822046,0.007781251817023245
GBP_USD,2011-03-09 22:00:00,1.60389,53.541951416232806,-2.209920764137245,0.007713001453618619
GBP_USD,2011-03-10 22:00:00,1.59774,51.53383799199956,-16.031464868673897,0.0071364011628948735
GBP_USD,2011-03-11 22:00:00,1.60816,54.52333751364174,-17.507661693707973,0.007793120930315919
GBP_USD,2011-03-12 22:00:00,1.60721,54.207980690939,-5.81395348837209,0.00662849674425274
GBP_USD,2011-03-13 21:00:00,1.60278,52.73656621154587,0.10570824524329907,0.00785479739540217
GBP_USD,2011-03-14 21:00:00,1.59792,51.160542537229404,-11.921540991308264,0.00943183791632171
GBP_USD,2011-03-15 21:00:00,1.59864,51.38320994508338,-21.987315010570587,0.010591470333057384
GBP_USD,2011-03-16 21:00:00,1.59835,51.2857846823941,-22.62486544158963,0.01215117626644589
GBP_USD,2011-03-17 21:00:00,1.60615,53.72695614331845,-9.380640293107406,0.015182941013156745
GBP_USD,2011-03-18 21:00:00,1.6235,58.5110841600224,21.198784449334482,0.0156383528105254
GBP_USD,2011-03-19 21:00:00,1.62229,58.077878011488636,46.28523525096917,0.01301868224842032
GBP_USD,2011-03-20 21:00:00,1.62046,57.412827883154286,61.28051975269818,0.012520945798736242
GBP_USD,2011-03-21 21:00:00,1.62934,59.727741351795856,63.15329133002654,0.013940756638988989
GBP_USD,2011-03-22 21:00:00,1.62193,57.05075678383451,59.70558441837602,0.012998605311191206
GBP_USD,2011-03-23 21:00:00,1.60916,52.829495944269695,46.82137458877933,0.011354884248952968
GBP_USD,2011-03-24 21:00:00,1.60082,50.31430661801,21.463501378145313,0.010089907399162393
GBP_USD,2011-03-25 21:00:00,1.60421,51.289462490876836,5.708188850359978,0.008749925919329916
GBP_USD,2011-03-26 21:00:00,1.60035,50.13053598171564,-2.125011114074965,0.006999940735463933
GBP_USD,2011-03-27 21:00:00,1.5937,48.189911630700436,-6.606459811788576,0.006287952588371169
GBP_USD,2011-03-28 21:00:00,1.59429,48.37334011607501,-12.1053119854227,0.00714236207069696
GBP_USD,2011-03-29 21:00:00,1.59791,49.5079722393058,-11.216070553650132,0.008511889656557558
GBP_USD,2011-03-30 21:00:00,1.60161,50.65465593795886,-3.241874897925689,0.010251511725246036
GBP_USD,2011-03-31 21:00:00,1.59729,49.302293109299185,-0.792095378082387,0.010523209380196854
GBP_USD,2011-04-01 21:00:00,1.61093,53.36865199574858,9.839947738037168,0.011146567504157458
GBP_USD,2011-04-02 21:00:00,1.61044,53.21004731461158,17.050465458109105,0.009137254003325988
GBP_USD,2011-04-03 21:00:00,1.61057,53.24818012534431,27.89482279928168,0.008763803202660769
GBP_USD,2011-04-04 21:00:00,1.60918,52.77246354841785,26.465784746039873,0.010843042562128584
GBP_USD,2011-04-05 21:00:00,1.62576,57.46184098048183,38.975992160705864,0.014116434049702859
GBP_USD,2011-04-06 21:00:00,1.62632,57.60891001396654,51.83733463988266,0.013163147239762283
GBP_USD,2011-04-07 21:00:00,1.63156,58.98164684029194,68.4592715013858,0.01382851779180985
GBP_USD,2011-04-08 21:00:00,1.63831,60.67847849635806,76.7085688656178,0.012432814233447886
GBP_USD,2011-04-09 21:00:00,1.63642,59.96001687768614,83.05396096440842,0.009966251386758307
GBP_USD,2011-04-10 21:00:00,1.63144,58.0853408428653,82.96211251435109,0.009217001109406668
GBP_USD,2011-04-11 21:00:00,1.62278,54.99235045941329,71.07539226942191,0.008073600887525347
GBP_USD,2011-04-12 21:00:00,1.62376,55.27117497604628,61.38538078836579,0.008082880710020304
GBP_USD,2011-04-13 21:00:00,1.62546,55.762961666145195,56.80826636050504,0.00940630456801623
GBP_USD,2011-04-14 21:00:00,1.62921,56.84568892742163,61.7298124760811,0.009901043654413006
GBP_USD,2011-04-15 21:00:00,1.63274,57.85029152807586,68.6031381553769,0.008626834923530412
GBP_USD,2011-04-16 21:00:00,1.62985,56.731773812090076,71.96326061997705,0.00690146793882433
GBP_USD,2011-04-17 21:00:00,1.61666,51.98613125537686,61.4644602696427,0.006123174351059455
GBP_USD,2011-04-18 21:00:00,1.62302,53.9093006372634,52.65976898648008,0.008314539480847562
GBP_USD,2011-04-19 21:00:00,1.63086,56.149111941131544,52.608604763309756,0.010567631584678081
GBP_USD,2011-04-20 21:00:00,1.6386,58.22253704179245,59.033576347977515,0.01427410526774249
GBP_USD,2011-04-21 21:00:00,1.65032,61.10345501510771,69.0094038758102,0.015079284214193989
GBP_USD,2011-04-22 21:00:00,1.6513,61.33409718015632,73.10821806346611,0.012259427371355188
GBP_USD,2011-04-23 21:00:00,1.6513,61.33409718015632,81.41288486760202,0.010155541897084166
GBP_USD,2011-04-24 21:00:00,1.64682,59.60504092989656,75.17968508995752,0.008928433517667315
GBP_USD,2011-04-25 21:00:00,1.64319,58.22910216377598,64.75429163837708,0.00842674681413387
GBP_USD,2011-04-26 21:00:00,1.64354,58.32505897036102,53.275571294121825,0.01083939745130712
GBP_USD,2011-04-27 21:00:00,1.66218,63.00696851423034,57.565599035954314,0.014891517961045677
GBP_USD,2011-04-28 21:00:00,1.66237,63.050739338719495,65.51262804880791,0.013917214368836526
GBP_USD,2011-04-29 21:00:00,1.67064,64.91971270288292,80.44780182387366,0.012787771495069222
GBP_USD,2011-04-30 21:00:00,1.67064,64.91971270288292,86.20525384510677,0.010230217196055378
GBP_USD,2011-05-01 21:00:00,1.66368,62.09107838783891,87.09677419354841,0.008840173756844294
GBP_USD,2011-05-02 21:00:00,1.6464,55.84196164821838,70.22419160476848,0.007560139005475435
GBP_USD,2011-05-03 21:00:00,1.64522,55.44774510042407,52.532846873329504,0.008256111204380336
GBP_USD,2011-05-04 21:00:00,1.6359,52.42389254418802,33.11129614210373,0.008434888963504267
GBP_USD,2011-05-05 21:00:00,1.6355,52.29726649786051,25.54815431584772,0.008849911170803419
GBP_USD,2011-05-06 21:00:00,1.6367,52.65219278375109,19.63641409936154,0.007319928936642753
GBP_USD,2011-05-07 21:00:00,1.63539,52.213469426445684,19.28254232583947,0.006683943149314209
GBP_USD,2011-05-08 21:00:00,1.62708,49.506463643627896,9.674850941057596,0.0064131545194513785
GBP_USD,2011-05-09 21:00:00,1.63168,50.96231376509178,-0.8406157958132265,0.008160523615561103
GBP_USD,2011-05-10 21:00:00,1.63222,51.13341457199151,-9.984035712654828,0.010544418892448858
GBP_USD,2011-05-11 21:00:00,1.62348,48.31107221802798,-15.894429718286814,0.009589535113959097
GBP_USD,2011-05-12 21:00:00,1.61473,45.698736616008595,-23.021093731843706,0.009153628091167262
GBP_USD,2011-05-13 21:00:00,1.61967,47.36111961578714,-19.976757911588198,0.008310902472933798
GBP_USD,2011-05-14 21:00:00,1.61904,47.17060449342897,-11.016108462187354,0.0070787219783470575
GBP_USD,2011-05-15 21:00:00,1.61606,46.26003638636636,-2.571099387544601,0.006946977582677621
GBP_USD,2011-05-16 21:00:00,1.61752,46.78071516310751,-3.5008576503962257,0.008419582066142106
GBP_USD,2011-05-17 21:00:00,1.61056,44.64743140344305,-8.291454479708092,0.008991665652913677
GBP_USD,2011-05-18 21:00:00,1.61313,45.59512238662308,-8.232027489085302,0.00994133252233096
GBP_USD,2011-05-19 21:00:00,1.6167,46.90150247341162,-7.348946395263423,0.01142706601786479
GBP_USD,2011-05-20 21:00:00,1.62301,49.134752146751474,1.458661532177916,0.010403652814291842
GBP_USD,2011-05-21 21:00:00,1.62256,48.98276573521113,7.4931850883850615,0.00851892225143347
GBP_USD,2011-05-22 21:00:00,1.60878,44.611357271578996,0.9814100521352339,0.006971137801146777
GBP_USD,2011-05-23 21:00:00,1.60584,43.74962221233123,-7.680845057548965,0.008008910240917412
GBP_USD,2011-05-24 21:00:00,1.61321,46.43292494602081,-10.734694802391166,0.011111128192733927
GBP_USD,2011-05-25 21:00:00,1.62638,50.77384408781713,7.771853122470415,0.014346902554187151
GBP_USD,2011-05-26 21:00:00,1.6379,54.13692195389204,34.453993933265785,0.016471522043349753
GBP_USD,2011-05-27 21:00:00,1.65091,57.52694444728556,66.22008763060337,0.01577921763467984
GBP_USD,2011-05-28 21:00:00,1.64902,56.89493905705328,85.29659588810262,0.012669374107743865
GBP_USD,2011-05-29 21:00:00,1.64512,55.591226669251384,91.38018200202242,0.010583499286195097
GBP_USD,2011-05-30 21:00:00,1.6424,54.687117769396025,82.43262691075302,0.010388799428956102
GBP_USD,2011-05-31 21:00:00,1.63308,51.7063468055678,67.77294181446183,0.009751039543164856
GBP_USD,2011-06-01 21:00:00,1.63057,50.9329129946764,54.432165530214036,0.009548831634531879
GBP_USD,2011-06-02 21:00:00,1.62862,50.32788960427691,43.63194607727874,0.010295065307625495
GBP_USD,2011-06-03 21:00:00,1.64257,54.34169478810881,51.06983305901713,0.011026052246100423
GBP_USD,2011-06-04 21:00:00,1.64061,53.71086679184501,58.93878830629344,0.008820841796880339
GBP_USD,2011-06-05 21:00:00,1.63414,51.66287679004981,63.26514617132986,0.008148673437504276
GBP_USD,2011-06-06 21:00:00,1.63247,51.14218539506539,55.34916529508563,0.009134938750003417
GBP_USD,2011-06-07 21:00:00,1.63488,51.86641102165501,50.85821772866209,0.009845951000002708
GBP_USD,2011-06-08 21:00:00,1.63584,52.15863835174347,52.1906105494161,0.010226760800002153
GBP_USD,2011-06-09 21:00:00,1.62166,47.73072726691504,43.71815973038639,0.008687408640001752
GBP_USD,2011-06-10 21:00:00,1.6226,48.03326043511279,34.09358100164583,0.00713792691200139
GBP_USD,2011-06-11 21:00:00,1.62179,47.78670530191657,23.081746218355676,0.005912341529601104
GBP_USD,2011-06-12 21:00:00,1.62161,47.730383356495196,18.943531412204617,0.008175873223680855
GBP_USD,2011-06-13 21:00:00,1.63559,52.25190421081807,24.26892410291737,0.011058698578944707
GBP_USD,2011-06-14 21:00:00,1.61689,46.66599990787136,10.828810051009,0.00939895886315574
GBP_USD,2011-06-15 21:00:00,1.60792,44.31518709229846,-3.3536908657128635,0.008645167090524597
GBP_USD,2011-06-16 21:00:00,1.6094,44.78989728644143,-22.290184019528482,0.009336133672419679
GBP_USD,2011-06-17 21:00:00,1.61939,47.8917778995724,-13.276902103329094,0.009466906937935777
GBP_USD,2011-06-18 21:00:00,1.6148,46.64613755468133,-3.209242618741906,0.007573525550348622
GBP_USD,2011-06-19 21:00:00,1.61096,45.619252884745606,-2.4998918232824554,0.007798820440278884
GBP_USD,2011-06-20 21:00:00,1.61675,47.424593759280235,-4.560908807498279,0.009135056352223118
GBP_USD,2011-06-21 21:00:00,1.6061,44.60679870569676,-13.9851614268826,0.009212045081778534
GBP_USD,2011-06-22 21:00:00,1.59384,41.65912095118414,-20.25146993286476,0.007651636065422809
GBP_USD,2011-06-23 21:00:00,1.59517,42.0885857240051,-25.11450252333509,0.008291308852338253
GBP_USD,2011-06-24 21:00:00,1.59588,42.32305545638036,-14.851567832919551,0.006775047081870601
GBP_USD,2011-06-25 21:00:00,1.59588,42.32305545638036,-3.8346186803771176,0.005608037665496469
GBP_USD,2011-06-26 21:00:00,1.59141,41.19920849105649,-2.9359605911329836,0.005546430132397192
GBP_USD,2011-06-27 21:00:00,1.5912,41.14610855968783,-6.0098522167487545,0.007039144105917747
GBP_USD,2011-06-28 21:00:00,1.59708,43.26419460830708,-5.18203764721227,0.008881315284734218
GBP_USD,2011-06-29 21:00:00,1.59737,43.36818012698436,-1.2182072989049029,0.010063052227787347
GBP_USD,2011-06-30 21:00:00,1.59886,43.91453832585166,3.9114238410596354,0.010496441782229872
GBP_USD,2011-07-01 21:00:00,1.60729,46.912158333402644,10.95474613686539,0.010143153425783922
GBP_USD,2011-07-02 21:00:00,1.60534,46.319747817048125,16.45281456953648,0.008114522740627138
GBP_USD,2011-07-03 21:00:00,1.60545,46.35927658714463,21.908259420622198,0.008223618192501734
GBP_USD,2011-07-04 21:00:00,1.59912,44.41240491148812,17.590923147580185,0.008052894554001364
GBP_USD,2011-07-05 21:00:00,1.5948,43.1335560131909,9.880384760301384,0.008444315643201061
GBP_USD,2011-07-06 21:00:00,1.59448,43.038591252355914,0.8336075463420977,0.008161452514560867
GBP_USD,2011-07-07 21:00:00,1.59321,42.65304696240284,-5.6487879785016615,0.009207162011648697
GBP_USD,2011-07-08 21:00:00,1.60546,47.35848672301397,6.0436547109796,0.00987572960931897
GBP_USD,2011-07-09 21:00:00,1.60125,46.01612614668529,13.469342985631494,0.007900583687455177
GBP_USD,2011-07-10 21:00:00,1.58828,42.20368714075442,8.061862454755024,0.006918466949964152
GBP_USD,2011-07-11 21:00:00,1.57813,39.55092210039532,-20.340867212385533,0.006866773559971345
GBP_USD,2011-07-12 21:00:00,1.59062,44.02937680478268,-26.288089173788318,0.012291418847977069
GBP_USD,2011-07-13 21:00:00,1.60951,49.843191392436545,3.8878657937448295,0.015595135078381655
GBP_USD,2011-07-14 21:00:00,1.60766,49.324124360278034,41.47919602294491,0.014106108062705345
GBP_USD,2011-07-15 21:00:00,1.61364,51.02944232237407,68.1612791101845,0.012480886450164251
GBP_USD,2011-07-16 21:00:00,1.61061,50.14494611488765,69.43575483721509,0.0102827091601314
GBP_USD,2011-07-17 21:00:00,1.60053,47.32214220898245,61.17483489746292,0.008790167328105085
GBP_USD,2011-07-18 21:00:00,1.60418,48.41000620983387,50.21434364500083,0.010480133862484052
GBP_USD,2011-07-19 21:00:00,1.60692,49.22430415515771,45.93905688796201,0.010888107089987258
GBP_USD,2011-07-20 21:00:00,1.6121,50.74475641443168,51.224794107408094,0.014006485671989819
GBP_USD,2011-07-21 21:00:00,1.62646,54.64002697870992,62.98067194516125,0.015621188537591832
GBP_USD,2011-07-22 21:00:00,1.63004,55.5466801844179,74.30398092203669,0.01321295083007345
GBP_USD,2011-07-23 21:00:00,1.63004,55.5466801844179,87.74509803921568,0.011332360664058778
GBP_USD,2011-07-24 21:00:00,1.6262,54.300819421050626,87.36576532576049,0.009951888531247054
GBP_USD,2011-07-25 21:00:00,1.62662,54.416499983582895,80.14876817084952,0.01130151082499763
GBP_USD,2011-07-26 21:00:00,1.63128,55.70350783949506,75.41839673038764,0.012497208659998097
GBP_USD,2011-07-27 21:00:00,1.62947,55.07866208015111,72.67615915907977,0.011405766927998466
GBP_USD,2011-07-28 21:00:00,1.62615,53.93074771977117,70.71711911491742,0.012636613542398778
GBP_USD,2011-07-29 21:00:00,1.64261,58.37959421385013,76.0047630363958,0.013401290833919008
GBP_USD,2011-07-30 21:00:00,1.64053,57.65180448313989,81.19567145644845,0.010925032667135211
GBP_USD,2011-07-31 21:00:00,1.62378,52.22778555046649,79.49855123883866,0.010140026133708149
GBP_USD,2011-08-01 21:00:00,1.6225,51.84220935982811,62.17595427378728,0.00993202090696654
GBP_USD,2011-08-02 21:00:00,1.62513,52.586225170626335,48.178108923186194,0.012065616725573224
GBP_USD,2011-08-03 21:00:00,1.62466,52.436458791094296,44.00637196336129,0.013438493380458601
GBP_USD,2011-08-04 21:00:00,1.62291,51.867473712154414,44.332935085623355,0.013764794704366866
GBP_USD,2011-08-05 21:00:00,1.63891,56.34751190397429,55.30864197530885,0.014211835763493497
GBP_USD,2011-08-06 21:00:00,1.63891,56.34751190397429,66.65870171246546,0.013019468610794772
GBP_USD,2011-08-07 21:00:00,1.62974,53.304505640758144,69.2539425512519,0.012201574888635795
GBP_USD,2011-08-08 21:00:00,1.6176,49.63357430085478,45.02781450417143,0.012033259910908645
GBP_USD,2011-08-09 21:00:00,1.6124,48.163831689857695,-1.5120610380181658,0.012800607928726927
GBP_USD,2011-08-10 21:00:00,1.61121,47.82854234380781,-19.99177067919042,0.01253648634298153
GBP_USD,2011-08-11 21:00:00,1.6167,49.50613298813755,-19.074270715056695,0.014039189074385205
GBP_USD,2011-08-12 21:00:00,1.62777,52.68005183354555,14.883720930232604,0.013445351259508149
GBP_USD,2011-08-13 21:00:00,1.62703,52.452055922992486,30.21317829457364,0.010930281007606549
GBP_USD,2011-08-14 21:00:00,1.6256,52.002141755401524,38.8372093023255,0.01152622480608526
GBP_USD,2011-08-15 21:00:00,1.63232,53.923477831063536,43.24612403100772,0.013630979844868232
GBP_USD,2011-08-16 21:00:00,1.6349,54.64455966714594,45.71663904170179,0.01627678387589461
GBP_USD,2011-08-17 21:00:00,1.64209,56.60251106402109,54.81257393491355,0.017145427100715704
GBP_USD,2011-08-18 21:00:00,1.64448,57.237300801367155,57.90866943904589,0.017660341680572556
GBP_USD,2011-08-19 21:00:00,1.6462,57.69796069502295,64.84552662234104,0.01447227334445808
GBP_USD,2011-08-20 21:00:00,1.6462,57.69796069502295,66.54262283784726,0.011871818675566435
GBP_USD,2011-08-21 21:00:00,1.64361,56.71345278004506,65.94307766521965,0.010683454940453146
GBP_USD,2011-08-22 21:00:00,1.64488,57.08489913404335,65.03342292054305,0.01127876395236252
GBP_USD,2011-08-23 21:00:00,1.6366,53.96184292692546,58.417752050168815,0.010727011161890032
GBP_USD,2011-08-24 21:00:00,1.62606,50.33551862000133,46.32347874026602,0.009207608929511996
GBP_USD,2011-08-25 21:00:00,1.62084,48.660164607125935,29.756736269037418,0.009726087143609603
GBP_USD,2011-08-26 21:00:00,1.63682,53.555636759204894,29.908345393150082,0.01097686971488766
GBP_USD,2011-08-27 21:00:00,1.63461,52.83486220336377,35.80042726207699,0.00908149577191014
GBP_USD,2011-08-28 21:00:00,1.63248,52.1352834908883,43.82192819240561,0.009435196617528119
GBP_USD,2011-08-29 21:00:00,1.62559,49.92329860594094,36.08297153883257,0.009448157294022508
GBP_USD,2011-08-30 21:00:00,1.62314,49.156117134724994,20.915243950959795,0.009126525835217976
GBP_USD,2011-08-31 21:00:00,1.61324,46.18905734220405,-2.735954914404519,0.007833220668174358
GBP_USD,2011-09-01 21:00:00,1.61717,47.49062336566597,-11.771467620631173,0.00870057653453949
GBP_USD,2011-09-02 21:00:00,1.6216,48.93103652052056,-8.48153099332212,0.00784646122763158
GBP_USD,2011-09-03 21:00:00,1.61536,47.050346738461286,0.00761556621739808,0.006277168982105264
GBP_USD,2011-09-04 21:00:00,1.60622,44.46096265626371,-5.91463557284474,0.005665735185684212
GBP_USD,2011-09-05 21:00:00,1.59218,40.885387336076526,-21.72172967005889,0.007444588148547395
GBP_USD,2011-09-06 21:00:00,1.59195,40.82974213815691,-20.8002529181381,0.008315670518837923
GBP_USD,2011-09-07 21:00:00,1.59138,40.687773056868835,-15.716901390754588,0.009930536415070364
GBP_USD,2011-09-08 21:00:00,1.58448,38.9900441114553,-7.770301232763546,0.009484429132056299
GBP_USD,2011-09-09 21:00:00,1.58825,40.395758577547866,-6.650806238435,0.008381543305645
GBP_USD,2011-09-10 21:00:00,1.58307,39.11475973760525,-7.651042697152047,0.006773234644516002
GBP_USD,2011-09-11 21:00:00,1.57738,37.75430163009395,-5.550266545710269,0.00652858771561279
GBP_USD,2011-09-12 21:00:00,1.57626,37.488795224671165,-9.596072195793996,0.0071448701724902116
GBP_USD,2011-09-13 21:00:00,1.5707,36.18207661411764,-10.635863565189469,0.00675989613799217
GBP_USD,2011-09-14 21:00:00,1.57318,37.19224554088089,-9.416436990791894,0.00864191691039374
GBP_USD,2011-09-15 21:00:00,1.57456,37.759366895891716,-6.528444144755672,0.00910953352831499
GBP_USD,2011-09-16 21:00:00,1.57915,39.6348195030885,-1.9118505545826006,0.008205626822652011
GBP_USD,2011-09-17 21:00:00,1.57326,38.11041022948346,-1.9687197747633756,0.00656450145812161
GBP_USD,2011-09-18 21:00:00,1.56334,35.71698883116798,-6.42944648388697,0.005719601166497245
GBP_USD,2011-09-19 21:00:00,1.56556,36.6382175972422,-10.456010005693052,0.006851680933197785
GBP_USD,2011-09-20 21:00:00,1.5487,32.93057053239576,-21.769869823090172,0.007309344746558213
GBP_USD,2011-09-21 21:00:00,1.53282,29.975011786526167,-24.161016441985705,0.006507475797246588
GBP_USD,2011-09-22 21:00:00,1.53326,30.154693138164717,-21.58349643358392,0.008471980637797262
GBP_USD,2011-09-23 21:00:00,1.54319,34.102352759314385,-4.936271634744106,0.008763584510237808
GBP_USD,2011-09-24 21:00:00,1.54319,34.102352759314385,6.52076061857667,0.00871486760819022
GBP_USD,2011-09-25 21:00:00,1.5433,34.14647640997623,10.970265791765975,0.00975389408655215
GBP_USD,2011-09-26 21:00:00,1.55266,37.81182879856264,15.809019535559004,0.013257115269241747
GBP_USD,2011-09-27 21:00:00,1.55652,39.254234527346675,23.815508495530366,0.0136156922153934
GBP_USD,2011-09-28 21:00:00,1.55436,38.73416246310464,32.0729004973331,0.013904553772314735
GBP_USD,2011-09-29 21:00:00,1.55331,38.477804916587736,35.476147205781054,0.013563643017851786
GBP_USD,2011-09-30 21:00:00,1.55838,40.446599555649335,38.81941890400885,0.011864914414281455
GBP_USD,2011-10-01 21:00:00,1.5548,39.522723349703746,39.47855445879359,0.009843931531425161
GBP_USD,2011-10-02 21:00:00,1.54283,36.62878879456477,33.22970443352816,0.008659145225140158
GBP_USD,2011-10-03 21:00:00,1.53409,34.70912134088552,18.337594803989308,0.008265316180112144
GBP_USD,2011-10-04 21:00:00,1.53946,36.81392191493829,8.831070621221071,0.009650252944089723
GBP_USD,2011-10-05 21:00:00,1.5272,34.2093146074093,-1.8346912725145774,0.009868202355271773
GBP_USD,2011-10-06 21:00:00,1.54237,39.67270676745761,4.2946023814008445,0.01537456188421744
GBP_USD,2011-10-07 21:00:00,1.5558,43.93646098655214,18.1849119831467,0.014985649507373964
GBP_USD,2011-10-08 21:00:00,1.55248,43.15643475172954,38.429940174502526,0.012158519605899176
GBP_USD,2011-10-09 21:00:00,1.5528,43.25688071662833,47.68647158191005,0.013014815684719344
GBP_USD,2011-10-10 21:00:00,1.55754,44.75281649256859,51.110442225449994,0.0132558525477755
GBP_USD,2011-10-11 21:00:00,1.55433,43.94125368917812,50.789245373161656,0.015056682038220436
GBP_USD,2011-10-12 21:00:00,1.5666,47.69212065889371,56.81974448324556,0.016871345630576344
GBP_USD,2011-10-13 21:00:00,1.57219,49.29117181289032,59.01877778880902,0.01722307650446106
GBP_USD,2011-10-14 21:00:00,1.58204,51.96772618188615,75.12541071742211,0.01574846120356883
GBP_USD,2011-10-15 21:00:00,1.58022,51.44865734663046,83.16690442225398,0.012942768962855098
GBP_USD,2011-10-16 21:00:00,1.57312,49.45517144260159,83.90394674274859,0.011278215170284092
GBP_USD,2011-10-17 21:00:00,1.56321,46.83489428720575,68.98082104929487,0.010832572136227275
GBP_USD,2011-10-18 21:00:00,1.5696,48.64969526466569,60.56427326042194,0.012982057708981807
GBP_USD,2011-10-19 21:00:00,1.56817,48.26825864052931,56.64130607069297,0.012529646167185415
GBP_USD,2011-10-20 21:00:00,1.57539,50.303394506887265,60.589365781410834,0.015855716933748303
GBP_USD,2011-10-21 21:00:00,1.59513,55.27936173550838,71.62241907588839,0.016632573546998618
GBP_USD,2011-10-22 21:00:00,1.59151,54.24891273237824,81.56080748399818,0.013306058837598896
GBP_USD,2011-10-23 21:00:00,1.59006,53.833102111079405,88.69816432960113,0.012504847070079135
GBP_USD,2011-10-24 21:00:00,1.5957,55.214368984701224,85.43938251838203,0.012775877656063306
GBP_USD,2011-10-25 21:00:00,1.58914,53.29575539216586,80.60983368877969,0.01192070212485068
GBP_USD,2011-10-26 21:00:00,1.59546,54.859056137853024,76.30649614100865,0.014534561699880558
GBP_USD,2011-10-27 21:00:00,1.60716,57.57840670785633,76.39295725220478,0.015581649359904415
GBP_USD,2011-10-28 21:00:00,1.61328,58.91758782251346,83.70743898883678,0.013689319487923558
GBP_USD,2011-10-29 21:00:00,1.61089,58.17565706934574,91.86111553496606,0.010971455590338844
GBP_USD,2011-10-30 21:00:00,1.59656,53.960930621575436,85.03860656189426,0.009921164472271109
GBP_USD,2011-10-31 21:00:00,1.58906,51.92418805812155,65.867868086115,0.010526931577816891
GBP_USD,2011-11-01 21:00:00,1.59168,52.57112627149967,50.04305041137388,0.011563545262253536
GBP_USD,2011-11-02 21:00:00,1.58768,51.47708900969419,40.10887957036703,0.012148836209802852
GBP_USD,2011-11-03 21:00:00,1.59464,53.22908537345165,44.21393364231591,0.013451068967842306
GBP_USD,2011-11-05 21:00:00,1.60142,54.87112842238697,51.379386448907574,0.013368855174273834
GBP_USD,2011-11-06 22:00:00,1.598,53.883967599777336,58.971529463694644,0.011989084139419062
GBP_USD,2011-11-07 22:00:00,1.6036,55.24774692541611,65.56315750754061,0.012599267311535238
GBP_USD,2011-11-08 22:00:00,1.59054,51.56853054733304,54.55268099761735,0.011761413849228197
GBP_USD,2011-11-09 22:00:00,1.58693,50.60487811231239,41.811990162163994,0.011009131079382558
GBP_USD,2011-11-10 22:00:00,1.5896,51.30115447022104,15.55606017268441,0.013283304863506061
GBP_USD,2011-11-11 22:00:00,1.60672,55.46517702856365,24.622955377782755,0.014050643890804855
GBP_USD,2011-11-12 22:00:00,1.60569,55.17156998393397,36.56983684838807,0.011974515112643852
GBP_USD,2011-11-13 22:00:00,1.5881,50.45325301589761,34.58018304814954,0.010293612090115053
GBP_USD,2011-11-14 22:00:00,1.57999,48.475936256579644,-0.07696962098426081,0.00924688967209201
GBP_USD,2011-11-15 22:00:00,1.57228,46.67687629011887,-28.78628781162348,0.00798351173767363
GBP_USD,2011-11-16 22:00:00,1.56916,45.96279227547616,-27.221415749144658,0.008186809390138928
GBP_USD,2011-11-17 22:00:00,1.57378,47.20013769499804,-12.167945445956432,0.010491447512111122
GBP_USD,2011-11-19 22:00:00,1.57878,48.519879268610794,2.1239208495683415,0.009699158009688928
GBP_USD,2011-11-20 22:00:00,1.56126,44.48903135528179,-3.9116815646726297,0.007999326407751115
GBP_USD,2011-11-21 22:00:00,1.55829,43.8501888950371,-8.55646084273175,0.007979461126200895
GBP_USD,2011-11-22 22:00:00,1.54949,42.00153558936452,-22.27673035498437,0.007839568900960707
GBP_USD,2011-11-23 22:00:00,1.54851,41.798528289776606,-15.472652272086195,0.007691655120768543
GBP_USD,2011-11-24 22:00:00,1.54236,40.52689436114367,-15.254904206655977,0.00681532409661482
GBP_USD,2011-11-25 22:00:00,1.54395,41.00690138199545,-5.96583646688408,0.0057702592772918525
GBP_USD,2011-11-26 22:00:00,1.54409,41.05023881569568,-3.7482862197530444,0.005702207421833491
GBP_USD,2011-11-27 22:00:00,1.54593,41.63320168915431,1.0228204757080712,0.007645765937466791
GBP_USD,2011-11-28 22:00:00,1.54699,41.97516855948913,2.5117028344112513,0.010060612749973425
GBP_USD,2011-11-29 22:00:00,1.55266,43.79728411524886,6.882826994948819,0.014246490199978711
GBP_USD,2011-11-30 22:00:00,1.56374,47.15210748493363,16.012655482078802,0.015987192159982976
GBP_USD,2011-12-01 22:00:00,1.5577,45.61658711579704,21.530856647811316,0.014577753727986415
GBP_USD,2011-12-02 22:00:00,1.55959,46.183889879217915,25.062426744126913,0.012040202982389121
GBP_USD,2011-12-03 22:00:00,1.55842,45.87741513215001,22.36261319471811,0.010430162385911285
GBP_USD,2011-12-04 22:00:00,1.5588,45.99781790450947,25.414460781845136,0.011014129908729024
GBP_USD,2011-12-05 22:00:00,1.55618,45.2793634835906,26.51961506837407,0.010337303926983224
GBP_USD,2011-12-06 22:00:00,1.5595,46.377283870503575,30.67335675715495,0.011517843141586586
GBP_USD,2011-12-07 22:00:00,1.56105,46.891916372184966,33.30365093499568,0.012714274513269239
GBP_USD,2011-12-08 22:00:00,1.55852,46.144131019757275,37.58542669345602,0.012659419610615393
GBP_USD,2011-12-10 22:00:00,1.56331,47.77527895294897,43.95739443215726,0.011767535688492313
GBP_USD,2011-12-11 22:00:00,1.55376,44.96636029201945,40.877337523594335,0.009908028550793846
GBP_USD,2011-12-12 22:00:00,1.54516,42.63137775629589,28.705397193113296,0.00976242284063507
GBP_USD,2011-12-13 22:00:00,1.5409,41.52639739080907,7.806837104515874,0.009409938272508057
GBP_USD,2011-12-14 22:00:00,1.54342,42.439384861796604,-2.321481046135528,0.009935950618006457
GBP_USD,2011-12-15 22:00:00,1.54839,44.21639794237023,0.8423939661084164,0.01040676049440515
GBP_USD,2011-12-17 22:00:00,1.55286,45.77396739189879,12.455900652462702,0.009559408395524122
GBP_USD,2011-12-18 22:00:00,1.54658,43.988881320976006,12.953805467950323,0.007973526716419302
GBP_USD,2011-12-19 22:00:00,1.54968,45.08252654566226,11.876424701744746,0.011078821373135414
GBP_USD,2011-12-20 22:00:00,1.56482,50.01360042062473,22.60463140004271,0.01440905709850834
GBP_USD,2011-12-21 22:00:00,1.56492,50.044249245804906,42.4462809848973,0.013135245678806638
GBP_USD,2011-12-22 22:00:00,1.55831,48.03050708183715,51.84360486536385,0.011680196543045307
GBP_USD,2011-12-24 22:00:00,1.559,48.255353512310855,45.90500919614863,0.009482157234436217
GBP_USD,2011-12-25 22:00:00,1.55857,48.12113389631681,39.0349453640594,0.008747725787548993
GBP_USD,2011-12-26 22:00:00,1.55983,48.55488439216459,40.67943308449645,0.00930218063003919
GBP_USD,2011-12-27 22:00:00,1.54422,43.85561512630022,24.688953802877915,0.009319744504031353
GBP_USD,2011-12-28 22:00:00,1.53622,41.71518094069999,1.6912196395067811,0.008127795603225088
GBP_USD,2011-12-29 22:00:00,1.54018,43.136331217438894,-13.905439055504777,0.01069423648258009
GBP_USD,2011-12-31 22:00:00,1.55027,46.5702270537405,-3.2319586833854985,0.011235389186064045
GBP_USD,2012-01-01 22:00:00,1.54693,45.62670957842685,11.808461180846079,0.00982631134885122
GBP_USD,2012-01-02 22:00:00,1.55023,46.729813777758295,21.152952115295086,0.011867049079080975
GBP_USD,2012-01-03 22:00:00,1.55795,49.22283507626575,28.293816829381484,0.012827639263264775
GBP_USD,2012-01-04 22:00:00,1.54676,45.99515901321026,28.135750813574884,0.011252111410611821
GBP_USD,2012-01-05 22:00:00,1.53763,43.58300814326845,16.420269642026796,0.010161689128489462
GBP_USD,2012-01-06 22:00:00,1.54264,45.21400127140732,2.1850302185028885,0.009131351302791562
GBP_USD,2012-01-07 22:00:00,1.5382,44.046592314724506,-5.774058577405913,0.007431081042233232
GBP_USD,2012-01-08 22:00:00,1.53964,44.52713662699485,-3.905160390516235,0.007700864833786588
GBP_USD,2012-01-09 22:00:00,1.54468,46.20007473344973,-2.008368200836974,0.00824469186702929
GBP_USD,2012-01-10 22:00:00,1.53095,42.581147056349806,-8.749418874942032,0.0075037534936234305
GBP_USD,2012-01-11 22:00:00,1.52798,41.84761830578748,-11.105819262886612,0.007169002794898745
GBP_USD,2012-01-12 22:00:00,1.52334,40.71409778272827,-22.463455172434596,0.008317202235919037
GBP_USD,2012-01-14 22:00:00,1.52737,42.12266472557555,-16.435394431805495,0.008341761788735231
GBP_USD,2012-01-15 22:00:00,1.5279,42.30914252383259,-12.500471561181378,0.00825140943098822
GBP_USD,2012-01-16 22:00:00,1.53114,43.4611569561735,-1.674784197077263,0.009101127544790567
GBP_USD,2012-01-17 22:00:00,1.53278,44.046219713641385,5.9129429138871,0.00989690203583245
GBP_USD,2012-01-18 22:00:00,1.54158,47.08564269538366,17.64884623172245,0.011213521628665972
GBP_USD,2012-01-19 22:00:00,1.5451,48.24887054275062,29.833083091879658,0.01221281730293279
GBP_USD,2012-01-20 22:00:00,1.55754,52.098683978659274,51.3230240549828,0.012258253842346235
GBP_USD,2012-01-21 22:00:00,1.55201,50.37536348810258,60.28350515463912,0.00997460307387698
GBP_USD,2012-01-22 22:00:00,1.55172,50.285128495630765,65.9707903780069,0.00962568245910162
GBP_USD,2012-01-23 22:00:00,1.55333,50.7913601405199,62.38744240837246,0.009884545967281305
GBP_USD,2012-01-24 22:00:00,1.55339,50.81067015082068,63.07629613396551,0.010815636773825044
GBP_USD,2012-01-25 22:00:00,1.56512,54.427391504934135,69.9962401329473,0.012678509419060032
GBP_USD,2012-01-26 22:00:00,1.5642,54.10462267401005,74.54613542390855,0.011918807535248026
GBP_USD,2012-01-28 22:00:00,1.57248,56.50604600387802,85.59563053454856,0.011477046028198398
GBP_USD,2012-01-29 22:00:00,1.56544,54.01994101217099,85.54392088423496,0.009401636822558694
GBP_USD,2012-01-30 22:00:00,1.56992,55.31420436283192,86.36594994832164,0.01036530945804698
GBP_USD,2012-01-31 22:00:00,1.57068,55.5338595179656,77.7208277503948,0.01196024756643759
GBP_USD,2012-02-01 22:00:00,1.57956,58.02763839138327,79.12008572551686,0.01260819805315005
GBP_USD,2012-02-02 22:00:00,1.57506,56.37033534401572,78.10316139767059,0.01138655844252003
GBP_USD,2012-02-04 22:00:00,1.57695,56.905103358741826,81.58069883527457,0.010585246754016057
GBP_USD,2012-02-05 22:00:00,1.57306,55.457807567876856,77.97559622850798,0.009906197403212854
GBP_USD,2012-02-06 22:00:00,1.57888,57.14477426723444,78.60135012800468,0.011420957922570316
GBP_USD,2012-02-07 22:00:00,1.57978,57.40285654202008,77.53282539096949,0.011936766338056255
GBP_USD,2012-02-08 22:00:00,1.57932,57.220657615134925,76.75376522637019,0.011305413070445006
GBP_USD,2012-02-09 22:00:00,1.57306,54.77317301039411,68.48161521064868,0.010164330456356015
GBP_USD,2012-02-10 22:00:00,1.57552,55.54613944865271,60.31332492498353,0.008623464365084838
GBP_USD,2012-02-11 22:00:00,1.57519,55.414710306086825,53.718258195144394,0.007450771492067845
GBP_USD,2012-02-12 22:00:00,1.57588,55.641733780126955,53.4977217904048,0.007470617193654265
GBP_USD,2012-02-13 22:00:00,1.5645,51.19422726843302,42.86037278392581,0.006208493754923422
GBP_USD,2012-02-14 22:00:00,1.56712,52.105985032564185,30.34475274529916,0.006794795003938723
GBP_USD,2012-02-15 22:00:00,1.56556,51.513232195380546,12.003116173841233,0.00834783600315096
GBP_USD,2012-02-16 22:00:00,1.57898,55.97061398647342,18.82850180245846,0.01079026880252075
GBP_USD,2012-02-17 22:00:00,1.58278,57.125165705795624,32.955275463508315,0.009392215042016606
GBP_USD,2012-02-18 22:00:00,1.58291,57.16491719345766,52.47429584612619,0.008257772033613274
GBP_USD,2012-02-19 22:00:00,1.58298,57.187027983126285,57.88364249578401,0.007628217626890609
GBP_USD,2012-02-20 22:00:00,1.57728,54.80406399210178,50.1545812254073,0.006806574101512482
GBP_USD,2012-02-21 22:00:00,1.56488,50.105398183188065,24.817313097245385,0.006269259281209966
GBP_USD,2012-02-22 22:00:00,1.56508,50.17667135701291,3.2251533966946897,0.00698740742496797
GBP_USD,2012-02-23 22:00:00,1.57216,52.65345108889874,-1.3147426661413852,0.010551925939974376
GBP_USD,2012-02-24 22:00:00,1.58724,57.327507965419684,30.830140485312665,0.011457540751979498
GBP_USD,2012-02-25 22:00:00,1.58661,57.083961275358014,58.32694763729228,0.009548032601583614
GBP_USD,2012-02-26 22:00:00,1.58106,54.9562535174377,69.693486590038,0.00835642608126689
GBP_USD,2012-02-27 22:00:00,1.57998,54.54697160941022,61.911842244015325,0.008625140865013519
GBP_USD,2012-02-28 22:00:00,1.58972,57.499905874137276,60.13611528355546,0.01075411269201084
GBP_USD,2012-02-29 22:00:00,1.58972,57.499905874137276,65.44851092845978,0.01016729015360866
GBP_USD,2012-03-01 22:00:00,1.58236,54.629875224090725,63.09413817883159,0.009521832122886919
GBP_USD,2012-03-02 22:00:00,1.58352,54.99612113097388,56.72928857406823,0.007849465698309546
GBP_USD,2012-03-03 22:00:00,1.58324,54.88548839870596,50.076994148444534,0.0064375725586476055
GBP_USD,2012-03-04 22:00:00,1.57864,53.07109004425318,46.258084385586564,0.006048058046918106
GBP_USD,2012-03-05 22:00:00,1.56968,49.75672505484304,32.05009752592116,0.0067624464375344775
GBP_USD,2012-03-06 22:00:00,1.56981,49.80377639193955,18.2630120110869,0.006653957150027605
GBP_USD,2012-03-07 22:00:00,1.57248,50.78304080798438,11.939225952160774,0.008035165720022087
GBP_USD,2012-03-08 22:00:00,1.56626,48.50271271575951,8.428292783081643,0.008592132576017637
GBP_USD,2012-03-10 22:00:00,1.56658,48.62548750564646,5.112411456729274,0.007191706060814106
GBP_USD,2012-03-11 21:00:00,1.56028,46.37378397029043,-7.325908832240171,0.006341364848651274
GBP_USD,2012-03-12 21:00:00,1.56212,47.11371431513164,-8.629726006225093,0.007973091878921056
GBP_USD,2012-03-13 21:00:00,1.56498,48.26159872281743,-7.552948582050067,0.008830473503136833
GBP_USD,2012-03-14 21:00:00,1.56346,47.69247619962279,-1.5345268542199035,0.008800378802509471
GBP_USD,2012-03-15 21:00:00,1.56944,50.08794423269241,5.399261153736885,0.011576303042007585
GBP_USD,2012-03-16 21:00:00,1.58443,55.38604974130629,23.823055792365224,0.01225904243360608
GBP_USD,2012-03-17 21:00:00,1.58215,54.47618197875541,41.52694894382856,0.009901233946884858
GBP_USD,2012-03-18 21:00:00,1.58218,54.48635919795821,53.59477124182985,0.0097669871575079
GBP_USD,2012-03-19 21:00:00,1.5831,54.8068773497433,52.3349436392912,0.009389589726006342
GBP_USD,2012-03-20 21:00:00,1.58176,54.2314342716049,52.821854938016855,0.009359671780805101
GBP_USD,2012-03-21 21:00:00,1.57728,52.33112682342655,49.175270315015126,0.008983737424644068
GBP_USD,2012-03-22 21:00:00,1.58066,53.600098082015556,50.70608592245575,0.009906989939715265
GBP_USD,2012-03-23 21:00:00,1.58698,55.87232440338545,60.09918345033441,0.009189591951772233
GBP_USD,2012-03-24 21:00:00,1.58647,55.644848268187936,72.99622819424782,0.0074756735614177556
GBP_USD,2012-03-25 21:00:00,1.58016,52.88880943519619,69.54610197184455,0.008158538849134173
GBP_USD,2012-03-26 21:00:00,1.59428,57.73469317372881,70.46546654913894,0.010518831079307334
GBP_USD,2012-03-27 21:00:00,1.58423,53.669935966190224,62.69589056610689,0.008843064863445875
GBP_USD,2012-03-28 21:00:00,1.58606,54.27631924403746,66.91625069328894,0.00939645189075668
GBP_USD,2012-03-29 21:00:00,1.59477,57.04449384042683,64.7923880997352,0.011049161512605347
GBP_USD,2012-03-30 21:00:00,1.60142,59.0047489407298,77.54777225943542,0.010169329210084288
GBP_USD,2012-03-31 21:00:00,1.60084,58.76279882762394,88.12405446293496,0.00845746336806741
GBP_USD,2012-04-01 21:00:00,1.59794,57.5423496050018,88.46049249114283,0.007857970694453932
GBP_USD,2012-04-02 21:00:00,1.5892,54.04295421555307,75.69529239900662,0.007634376555563185
GBP_USD,2012-04-03 21:00:00,1.58332,51.84847941375208,56.35450364917861,0.006623501244450553
GBP_USD,2012-04-04 21:00:00,1.58056,50.845936932469385,28.231696296527662,0.0068028009955604365
GBP_USD,2012-04-05 21:00:00,1.58232,51.46501934109113,10.035618530988657,0.0071722407964483585
GBP_USD,2012-04-06 21:00:00,1.58734,53.20406689886561,5.788751714677189,0.007155792637158695
GBP_USD,2012-04-07 21:00:00,1.58366,51.79664095402206,10.041152263374176,0.00654863410972698
GBP_USD,2012-04-08 21:00:00,1.58092,50.76233665976043,8.120713305898393,0.007110907287781592
GBP_USD,2012-04-09 21:00:00,1.58522,52.30840859058441,5.21262002743488,0.008268725830225256
GBP_USD,2012-04-10 21:00:00,1.59036,54.09098500529018,14.403292181069903,0.009278980664180205
GBP_USD,2012-04-11 21:00:00,1.58416,51.68060371756062,17.679645457423188,0.008747184531344179
GBP_USD,2012-04-12 21:00:00,1.58477,51.898765404329204,15.926453519046106,0.007119747625075343
GBP_USD,2012-04-13 21:00:00,1.58465,51.851123422229165,6.95156695156692,0.0060377981000602505
GBP_USD,2012-04-14 21:00:00,1.58196,50.77034369681018,3.8176638176638256,0.0061242384800482405
GBP_USD,2012-04-15 21:00:00,1.58628,52.41803597574818,5.968660968660828,0.007915390784038589
GBP_USD,2012-04-16 21:00:00,1.58954,53.6296024089821,12.934472934472852,0.00992431262723091
GBP_USD,2012-04-17 21:00:00,1.60096,57.54689564113136,38.43080764429052,0.011595450101784744
GBP_USD,2012-04-18 21:00:00,1.6039,58.48100259168358,55.48415902753899,0.012066360081427821
GBP_USD,2012-04-19 21:00:00,1.61223,60.996433532847234,76.56800835881107,0.011429088065142257
GBP_USD,2012-04-20 21:00:00,1.61075,60.32469441079341,81.41205873164627,0.009371270452113788
GBP_USD,2012-04-21 21:00:00,1.6077,58.94089137174995,85.36915547224794,0.008031016361691064
GBP_USD,2012-04-22 21:00:00,1.61096,59.95655887778529,82.73035574354343,0.008168813089352864
GBP_USD,2012-04-23 21:00:00,1.60816,58.66712076053763,77.5614390222824,0.007989050471482313
GBP_USD,2012-04-24 21:00:00,1.61586,61.05013021754437,80.80143181553998,0.00889924037718585
GBP_USD,2012-04-25 21:00:00,1.6154,60.833378570126364,76.49371771383932,0.009555392301748651
GBP_USD,2012-04-26 21:00:00,1.62643,64.00350756503403,84.75433977783578,0.009850313841398941
GBP_USD,2012-04-27 21:00:00,1.62511,63.36853325536493,86.76527232108482,0.008052251073119125
GBP_USD,2012-04-28 21:00:00,1.62218,61.95709980513214,90.65436968905777,0.007447800858495274
GBP_USD,2012-04-29 21:00:00,1.61868,60.29747633700878,83.47498336737631,0.0064702406867962435
GBP_USD,2012-04-30 21:00:00,1.61606,59.0721334144236,75.38755418411584,0.006224192549437022
GBP_USD,2012-05-01 21:00:00,1.61596,59.024773075405854,70.81772096098756,0.006079354039549586
GBP_USD,2012-05-02 21:00:00,1.61414,58.147056049191875,67.34058622887942,0.005727483231639645
GBP_USD,2012-05-03 21:00:00,1.61148,56.868483575959466,63.810522950783586,0.005559986585311729
GBP_USD,2012-05-05 21:00:00,1.61148,56.868483575959466,58.71734523457892,0.006097989268249357
GBP_USD,2012-05-06 21:00:00,1.61248,57.24669288155046,54.98305538753104,0.006558391414599478
GBP_USD,2012-05-07 21:00:00,1.60672,54.40409882378574,40.85673642689604,0.005994713131679598
GBP_USD,2012-05-08 21:00:00,1.60918,55.382915830128496,28.37650538058014,0.007099770505343673
GBP_USD,2012-05-09 21:00:00,1.60622,53.94153460395737,0.8851820192897542,0.0069238164042749175
GBP_USD,2012-05-10 21:00:00,1.60696,54.24947199097432,-4.447194833890451,0.005687053123419927
GBP_USD,2012-05-11 21:00:00,1.60643,53.98206677686389,-10.551226455609651,0.004851642498735966
GBP_USD,2012-05-12 21:00:00,1.60516,53.330437467405666,-3.058542664805477,0.005055313998988781
GBP_USD,2012-05-13 21:00:00,1.59892,50.24746675479765,-14.255233579083287,0.0052922511991910295
GBP_USD,2012-05-14 21:00:00,1.58894,45.861072462168664,-24.806476317449963,0.004433800959352846
GBP_USD,2012-05-15 21:00:00,1.5786,41.93727189298811,-33.02565410042608,0.004415040767482279
GBP_USD,2012-05-16 21:00:00,1.57326,40.104131165188114,-25.96598558404013,0.004562032613985821
GBP_USD,2012-05-17 21:00:00,1.58167,44.086061958464406,-13.24942951049868,0.005431626091188651
GBP_USD,2012-05-18 21:00:00,1.57988,43.450046926136565,-2.5098814229248156,0.004757300872950956
GBP_USD,2012-05-19 21:00:00,1.578,42.77949897064663,0.49144775962790715,0.004649840698360787
GBP_USD,2012-05-20 21:00:00,1.57416,41.42855899726107,-4.952573541614551,0.005087872558688622
GBP_USD,2012-05-21 21:00:00,1.56757,39.22924252016173,-11.448559503499224,0.004670298046950875
GBP_USD,2012-05-22 21:00:00,1.56384,38.04660808802259,-13.882893749909803,0.004754238437560708
GBP_USD,2012-05-23 21:00:00,1.56302,37.787537882398425,-12.337308606082665,0.005023390750048566
GBP_USD,2012-05-24 21:00:00,1.56656,39.623575528420226,-6.065301563829092,0.004726712600038828
GBP_USD,2012-05-25 21:00:00,1.56541,39.23445011265005,-2.8978505916124107,0.004523370080031083
GBP_USD,2012-05-26 21:00:00,1.56732,40.2427399619408,0.4023296047559903,0.004876696064024892
GBP_USD,2012-05-27 21:00:00,1.56084,38.02812721047374,-2.932281357298445,0.004773356851219898
GBP_USD,2012-05-28 21:00:00,1.54754,34.04960141551358,-13.27275501065966,0.004558685480975926
GBP_USD,2012-05-29 21:00:00,1.5361,31.149788482499872,-20.136387324965195,0.004662948384780735
GBP_USD,2012-05-30 21:00:00,1.5269,29.08882991050882,-23.12665794552427,0.005294358707824576
GBP_USD,2012-05-31 21:00:00,1.53497,33.10504086986923,-12.383607802630019,0.006427486966259678
GBP_USD,2012-06-02 21:00:00,1.53424,32.93050973975535,-6.64325569400079,0.0064559895730077355
GBP_USD,2012-06-03 21:00:00,1.53218,32.43138184369438,-1.7502447811331603,0.006488791658406158
GBP_USD,2012-06-04 21:00:00,1.5373,34.96581639162896,-0.4182834251621079,0.009063033326724892
GBP_USD,2012-06-05 21:00:00,1.54299,37.65430425785036,5.260694923909903,0.011806426661379873
GBP_USD,2012-06-06 21:00:00,1.5404,36.93532060596612,10.322002128646785,0.011577141329103879
GBP_USD,2012-06-07 21:00:00,1.54662,39.79144092691286,16.77695341220527,0.012551713063283119
GBP_USD,2012-06-08 21:00:00,1.54836,40.570330238754444,20.366285676091284,0.012361370450626461
GBP_USD,2012-06-09 21:00:00,1.54545,39.68219281351547,23.74172849408473,0.012029096360501156
GBP_USD,2012-06-10 21:00:00,1.55056,41.9891116359663,28.272110632148625,0.012497277088400923
GBP_USD,2012-06-11 21:00:00,1.54732,40.96154391713349,30.24461155871981,0.01117382167072076
GBP_USD,2012-06-12 21:00:00,1.54765,41.11338264630024,34.40661903972918,0.014039057336576625
GBP_USD,2012-06-13 21:00:00,1.56936,49.88508191384761,48.11869150403711,0.017503245869261313
GBP_USD,2012-06-14 21:00:00,1.5637,47.9583929386976,58.94163706106024,0.014984596695409044
GBP_USD,2012-06-16 21:00:00,1.56152,47.2315568166623,67.8701180744779,0.014385677356327224
GBP_USD,2012-06-17 21:00:00,1.56514,48.570492091948935,64.6760520738723,0.014752541885061761
GBP_USD,2012-06-18 21:00:00,1.55781,46.119250034742436,60.2179836512261,0.013446033508049434
GBP_USD,2012-06-19 21:00:00,1.55574,45.44916604394041,55.8431728731455,0.01187882680643957
GBP_USD,2012-06-20 21:00:00,1.55872,46.60453463539694,50.983953981229156,0.010099061445151698
GBP_USD,2012-06-21 21:00:00,1.55514,45.409297801832196,48.96306388132003,0.008419249156121366
GBP_USD,2012-06-22 21:00:00,1.55392,45.0024221118861,47.0444685121293,0.007603399324897096
GBP_USD,2012-06-23 21:00:00,1.55638,46.011481892907,43.85405946821667,0.00831871945991767
GBP_USD,2012-06-24 21:00:00,1.5546,45.38814346126071,41.91441149933691,0.008238975567934122
GBP_USD,2012-06-25 21:00:00,1.54852,43.31466523515299,29.575813445062632,0.008143180454347296
GBP_USD,2012-06-26 21:00:00,1.5508,44.30174706571959,18.6366960087292,0.011118544363477846
GBP_USD,2012-06-27 21:00:00,1.56836,51.08773574995502,27.511236542280443,0.013002835490782278
GBP_USD,2012-06-28 21:00:00,1.56418,49.59965918435282,43.16824022996652,0.01116626839262581
GBP_USD,2012-06-30 21:00:00,1.5658,50.18144315958981,58.213124177166485,0.01036501471410066
GBP_USD,2012-07-01 21:00:00,1.55747,47.27845791785101,44.160994569504005,0.00899601177128052
GBP_USD,2012-07-02 21:00:00,1.55,44.87043393609783,26.45603703368394,0.008158809417024413
GBP_USD,2012-07-03 21:00:00,1.54612,43.675162837329374,0.6359645817771152,0.007543047533619526
GBP_USD,2012-07-04 21:00:00,1.549,44.804169335483664,-7.513222837841629,0.006610438026895619
GBP_USD,2012-07-05 21:00:00,1.54695,44.152486483878626,-8.257012687357749,0.005462350421516481
GBP_USD,2012-07-06 21:00:00,1.54706,44.1975404766671,-2.301207961881469,0.005671880337213189
GBP_USD,2012-07-07 21:00:00,1.54791,44.55509361573411,-2.3235718218838515,0.0061055042697705205
GBP_USD,2012-07-08 21:00:00,1.54863,44.86466024385307,-0.07764032167918965,0.006870403415816416
GBP_USD,2012-07-09 21:00:00,1.53936,41.759272059252496,-10.884881140104333,0.006104322732653164
GBP_USD,2012-07-10 21:00:00,1.54144,42.68019454777223,-12.476887448360221,0.008619458186122538
GBP_USD,2012-07-11 21:00:00,1.55754,49.12205935322429,3.294965377889709,0.01011556654889803
GBP_USD,2012-07-12 21:00:00,1.55676,48.846930486063215,30.877671668940497,0.008236453239118435
GBP_USD,2012-07-13 21:00:00,1.55174,47.09091206388366,42.58753979081404,0.008323162591294784
GBP_USD,2012-07-14 21:00:00,1.55537,48.476466501912675,40.120509322419316,0.009882530073035856
GBP_USD,2012-07-15 21:00:00,1.55818,49.5347659321105,41.734879490677585,0.010204024058428685
GBP_USD,2012-07-16 21:00:00,1.56368,51.54978098078872,54.09892846262861,0.011279219246742979
GBP_USD,2012-07-17 21:00:00,1.56121,50.61094872796028,59.67159241255582,0.010799375397394383
GBP_USD,2012-07-18 21:00:00,1.55993,50.1215956343376,60.668824163969816,0.008945500317915512
GBP_USD,2012-07-19 21:00:00,1.54856,46.03173113660524,44.35814455231938,0.0076884002543323865
GBP_USD,2012-07-21 21:00:00,1.5487,46.0877664987816,30.862998921251464,0.007478720203465905
GBP_USD,2012-07-22 21:00:00,1.54588,45.11174880998733,15.706580366774602,0.007278976162772732
GBP_USD,2012-07-23 21:00:00,1.54712,45.635450116081316,14.153182308522306,0.011123180930218225
GBP_USD,2012-07-24 21:00:00,1.56666,52.95295097678344,31.241654963261556,0.014830544744174584
GBP_USD,2012-07-25 21:00:00,1.57267,54.885098013465914,57.27825227453138,0.013602435795339686
GBP_USD,2012-07-26 21:00:00,1.56728,52.87063248064925,76.68042452830176,0.011369948636271748
GBP_USD,2012-07-28 21:00:00,1.56256,51.16929177361318,72.65133647798733,0.010251958909017379
GBP_USD,2012-07-29 21:00:00,1.55304,47.9498383850609,53.36084905660374,0.009509567127213903
GBP_USD,2012-07-30 21:00:00,1.5491,46.69207643075836,35.495283018867894,0.010593653701771144
GBP_USD,2012-07-31 21:00:00,1.55054,47.21556441205516,23.68317610062904,0.01179492296141695
GBP_USD,2012-08-01 21:00:00,1.56427,51.87679702230238,31.42961897509672,0.012181938369133566
GBP_USD,2012-08-02 21:00:00,1.56051,50.61066923942358,38.36430982128609,0.009745550695306852
GBP_USD,2012-08-03 21:00:00,1.55472,48.71660218312487,36.67164922770332,0.009008440556245473
GBP_USD,2012-08-04 21:00:00,1.5564,49.2862844170011,26.86846038864003,0.009946752444996343
GBP_USD,2012-08-05 21:00:00,1.55728,49.58972356483298,22.845042351769013,0.010217401955997091
GBP_USD,2012-08-06 21:00:00,1.56056,50.726497333228856,30.119581464872926,0.01043392156479769
GBP_USD,2012-08-07 21:00:00,1.55776,49.73604482818838,31.813652217239667,0.01026313725183818
GBP_USD,2012-08-08 21:00:00,1.56674,52.79404251461752,43.59740906826107,0.01043450980147055
GBP_USD,2012-08-09 21:00:00,1.56572,52.41931213527073,50.024912805181884,0.009339607841176455
GBP_USD,2012-08-11 21:00:00,1.56712,52.89405757592217,61.68410563029399,0.008895686272941168
GBP_USD,2012-08-12 21:00:00,1.56606,52.48389387662757,60.83707025411062,0.007726549018352934
GBP_USD,2012-08-13 21:00:00,1.56366,51.54765243106784,58.27105132037875,0.007857239214682357
GBP_USD,2012-08-14 21:00:00,1.56748,52.93019833628509,58.060650283250254,0.008341791371745856
GBP_USD,2012-08-15 21:00:00,1.56969,53.72052266201996,63.51660675873382,0.007115433097396694
GBP_USD,2012-08-16 21:00:00,1.56969,53.72052266201996,72.22022443513278,0.00595434647791734
GBP_USD,2012-08-17 21:00:00,1.56786,52.93294325190642,74.91897889845488,0.0051734771823338495
GBP_USD,2012-08-18 21:00:00,1.56997,53.7418473427295,70.76615377094588,0.006656781745867056
GBP_USD,2012-08-19 21:00:00,1.57664,56.20328136450278,67.92966454366781,0.008967425396693613
GBP_USD,2012-08-20 21:00:00,1.58576,59.268901226675204,72.86783086118537,0.010097940317354863
GBP_USD,2012-08-21 21:00:00,1.5803,56.806298909169186,73.08722043093151,0.008318352253883863
GBP_USD,2012-08-22 21:00:00,1.58095,57.02619383058173,72.43379028128584,0.007022681803107103
GBP_USD,2012-08-23 21:00:00,1.57918,56.2199463435846,64.00043177892944,0.006008145442485661
GBP_USD,2012-08-25 21:00:00,1.57548,54.55209575568932,58.79749568221087,0.00569451635398853
GBP_USD,2012-08-26 21:00:00,1.58032,56.30619233883714,57.41229879457526,0.006567613083190815
GBP_USD,2012-08-27 21:00:00,1.57714,54.86688041081946,53.34930927776605,0.006682090466552682
GBP_USD,2012-08-28 21:00:00,1.57784,55.12807707306556,54.128143073002434,0.007829672373242166
GBP_USD,2012-08-29 21:00:00,1.58633,58.16572491980495,59.73767995570344,0.008433737898593738
GBP_USD,2012-08-30 21:00:00,1.58504,57.553320375388864,68.12890854016047,0.007448990318874971
GBP_USD,2012-09-01 21:00:00,1.58592,57.86637226685146,76.83498335721089,0.0071431922550999625
GBP_USD,2012-09-02 21:00:00,1.58264,56.26631505801784,69.80978417247859,0.007206553804079975
GBP_USD,2012-09-03 21:00:00,1.58819,58.28533412254772,70.68793543298263,0.00809724304326398
GBP_USD,2012-09-04 21:00:00,1.59227,59.700207562060704,67.21121654338484,0.009525794434611169
GBP_USD,2012-09-05 21:00:00,1.60002,62.21831873880694,77.7722782058883,0.00954663554768894
GBP_USD,2012-09-06 21:00:00,1.59597,60.18531033855332,78.2355265757759,0.008029308438151146
GBP_USD,2012-09-08 21:00:00,1.59829,60.94160581749403,80.3397070330826,0.008905446750520879
GBP_USD,2012-09-09 21:00:00,1.60642,63.45793293115767,78.36509500969152,0.01009435740041671
GBP_USD,2012-09-10 21:00:00,1.60762,63.81389888556968,77.31177973295893,0.010279485920333375
GBP_USD,2012-09-11 21:00:00,1.61424,65.71962679395699,78.17977766148861,0.011819588736266678
GBP_USD,2012-09-12 21:00:00,1.62155,67.66488035160137,80.65217043896526,0.011229670989013374
GBP_USD,2012-09-13 21:00:00,1.6211,67.42124190686297,84.79786123538257,0.010145736791210672
GBP_USD,2012-09-15 21:00:00,1.6221,67.68869507159604,89.25680260630786,0.009236589432968548
GBP_USD,2012-09-16 21:00:00,1.61852,65.69146343538252,86.08719420527552,0.008393271546374799
GBP_USD,2012-09-17 21:00:00,1.61636,64.503536304801,82.84816181495164,0.007730617237099833
GBP_USD,2012-09-18 21:00:00,1.62132,65.9655478770251,80.30787409821419,0.009104493789679856
GBP_USD,2012-09-19 21:00:00,1.62294,66.4326792061282,81.24487201343965,0.007607595031743877
GBP_USD,2012-09-20 21:00:00,1.62258,66.22372813562468,82.50274462652224,0.0062620760253951
GBP_USD,2012-09-21 21:00:00,1.61818,63.690855524444146,78.9291062693285,0.005513660820316096
GBP_USD,2012-09-22 21:00:00,1.61824,63.71043510182904,74.37011892849617,0.006130928656252865
GBP_USD,2012-09-23 21:00:00,1.61374,61.15195432260572,67.54785779398345,0.005440742925002296
GBP_USD,2012-09-24 21:00:00,1.6161,61.9802839636452,65.0798175172777,0.006472594340001825
GBP_USD,2012-09-25 21:00:00,1.61132,59.329678012990186,57.37737044476199,0.007414075472001454
GBP_USD,2012-09-26 21:00:00,1.61388,60.270992300253845,52.655707387727524,0.007005260377601139
GBP_USD,2012-09-27 21:00:00,1.6109,58.636713247508084,43.923141618684156,0.006328208302080903
GBP_USD,2012-09-29 21:00:00,1.6125,59.250429860627825,42.04711277882004,0.0066245666416647414
GBP_USD,2012-09-30 21:00:00,1.60675,56.15303081853897,26.168770965993854,0.0056396533133318
GBP_USD,2012-10-01 21:00:00,1.6074,56.419451000079285,13.401285856124948,0.0072057226506654585
GBP_USD,2012-10-02 21:00:00,1.61228,58.38337259321692,5.9415062840581605,0.00862857812053239
GBP_USD,2012-10-03 21:00:00,1.61237,58.41912218162643,13.050314465408919,0.007320862496425941
GBP_USD,2012-10-04 21:00:00,1.60216,53.0691358873571,5.560320182961934,0.00623268999714073
GBP_USD,2012-10-06 21:00:00,1.59764,50.93298124438538,-7.096137551922824,0.005478151997712565
GBP_USD,2012-10-07 21:00:00,1.59764,50.93298124438538,-16.725461963786554,0.005542521598170058
GBP_USD,2012-10-08 21:00:00,1.59844,51.30424270019491,-10.891545320787651,0.00599001727853607
GBP_USD,2012-10-09 21:00:00,1.6019,52.898769465692745,-3.1073446327679672,0.0070520138228288304
GBP_USD,2012-10-10 21:00:00,1.60678,55.04645935640769,7.785664847812278,0.006853611058263056
GBP_USD,2012-10-11 21:00:00,1.60212,52.673863095264856,12.05640059877391,0.005774888846610404
GBP_USD,2012-10-13 21:00:00,1.60612,54.41840459511563,17.50617283950646,0.006847911077288309
GBP_USD,2012-10-14 21:00:00,1.6109,56.4049941676803,22.592592592592734,0.007824328861830652
GBP_USD,2012-10-15 21:00:00,1.60428,53.08998609074223,25.25925925925931,0.007495463089464537
GBP_USD,2012-10-16 21:00:00,1.5997,50.947014010624834,17.33333333333331,0.006476370471571666
GBP_USD,2012-10-17 21:00:00,1.60042,51.266916828112294,4.395061728395048,0.005541096377257337
GBP_USD,2012-10-18 21:00:00,1.59909,50.63588190408556,-2.393334254652682,0.005396877101805879
GBP_USD,2012-10-20 21:00:00,1.59136,47.14673744781415,-15.545444075916338,0.0049835016814447144
GBP_USD,2012-10-21 21:00:00,1.59364,48.23510238302835,-17.679067895814704,0.006678801345155734
GBP_USD,2012-10-22 21:00:00,1.60268,52.26673305005308,-6.427234115995666,0.00948304107612462
GBP_USD,2012-10-23 21:00:00,1.6081,54.46627705109311,23.655103066868037,0.009874432860899675
GBP_USD,2012-10-24 21:00:00,1.61032,55.33829167990966,44.620412267471316,0.008343546288719719
GBP_USD,2012-10-25 21:00:00,1.60927,54.82457289294986,55.92510463176615,0.007060837030975773
GBP_USD,2012-10-26 21:00:00,1.60068,50.831052350224475,47.77568014809946,0.0059086696247806336
GBP_USD,2012-10-27 21:00:00,1.60212,51.44440818734637,38.95511405445202,0.006306935699824466
GBP_USD,2012-10-28 21:00:00,1.60684,53.41488585294888,35.378955114054776,0.007401548559859554
GBP_USD,2012-10-29 21:00:00,1.61206,55.481796291044525,52.12656364974266,0.008053238847887622
GBP_USD,2012-10-30 21:00:00,1.60081,50.48761162202534,50.198675496689056,0.006702591078310069
GBP_USD,2012-10-31 21:00:00,1.60242,51.1387529206195,43.69389256806496,0.005684072862648034
GBP_USD,2012-11-01 21:00:00,1.60089,50.48604107735609,27.25533480500374,0.004827258290118396
GBP_USD,2012-11-02 21:00:00,1.59576,48.3457216276423,19.82339955849898,0.004471806632094717
GBP_USD,2012-11-03 21:00:00,1.59645,48.64863209502325,11.037527593819048,0.004581445305675778
GBP_USD,2012-11-04 22:00:00,1.59546,48.22884967529132,3.052363086812399,0.00522315624454066
GBP_USD,2012-11-05 22:00:00,1.59294,47.157351050419145,-1.14994868952017,0.005182524995632489
GBP_USD,2012-11-06 22:00:00,1.58874,45.41762394097445,-12.645739910313447,0.005946019996505971
GBP_USD,2012-11-07 22:00:00,1.58969,45.884765862498924,-13.03437967115074,0.004946815997204778
GBP_USD,2012-11-08 22:00:00,1.58959,45.84204303166167,-9.776064249775052,0.004105452797763816
GBP_USD,2012-11-09 22:00:00,1.58644,44.49212179500916,-4.015342203044441,0.003662362238211042
GBP_USD,2012-11-10 22:00:00,1.5858,44.21844335106161,-6.260011114380034,0.0039538897905688365
GBP_USD,2012-11-11 22:00:00,1.58388,43.390133226853905,-9.670851907481104,0.0040311118324550714
GBP_USD,2012-11-12 22:00:00,1.58281,42.926556761489884,-7.000714359684342,0.004036889465964048
GBP_USD,2012-11-13 22:00:00,1.58362,43.40011180624758,-5.174455490189619,0.004699511572771232
GBP_USD,2012-11-14 22:00:00,1.58858,46.2264554948466,2.87905957362074,0.004873609258217001
GBP_USD,2012-11-15 22:00:00,1.58827,46.07768960392989,8.318390117553808,0.004652887406573567
GBP_USD,2012-11-17 22:00:00,1.58918,46.59955750383464,13.857342100020437,0.004792309925258847
GBP_USD,2012-11-18 22:00:00,1.5883,46.152715605017036,13.578402072126375,0.005117847940207052
GBP_USD,2012-11-19 22:00:00,1.59196,48.286250702767774,18.36850799159691,0.0060022783521656185
GBP_USD,2012-11-20 22:00:00,1.59276,48.74544932320574,27.03016930685868,0.007435822681732476
GBP_USD,2012-11-21 22:00:00,1.60287,54.07651257442,52.547636312984544,0.007970658145385993
GBP_USD,2012-11-22 22:00:00,1.60239,53.801665912552494,72.54623044096753,0.006564526516308783
GBP_USD,2012-11-23 22:00:00,1.59968,52.250620362246025,83.48348348348377,0.005541621213047017
GBP_USD,2012-11-24 22:00:00,1.60098,52.92410047249502,79.86411850446973,0.005625296970437607
GBP_USD,2012-11-25 22:00:00,1.59624,50.250738678310825,69.68859210087335,0.0048162375763500685
GBP_USD,2012-11-26 22:00:00,1.60024,52.351878444801784,69.96913580246985,0.005568990061080017
GBP_USD,2012-11-27 22:00:00,1.59892,51.60779641176228,66.14939271704988,0.005659192048863997
GBP_USD,2012-11-28 22:00:00,1.60111,52.76016227925347,67.98308915858928,0.00705935363909122
GBP_USD,2012-11-29 22:00:00,1.60868,56.467039581015854,71.2854093975049,0.008037482911272957
GBP_USD,2012-12-02 22:00:00,1.60826,56.213865099731116,76.78307150003518,0.00706998632901834
GBP_USD,2012-12-03 22:00:00,1.604,53.688135816744946,79.04893177119278,0.006567989063214652
GBP_USD,2012-12-04 22:00:00,1.60024,51.57239644721282,69.3544681828629,0.0056743912505717205
GBP_USD,2012-12-05 22:00:00,1.60427,53.59981766923564,63.7778239201941,0.0053455130004573725
GBP_USD,2012-12-06 22:00:00,1.60142,52.00696506081781,58.28931509821174,0.005462410400365896
GBP_USD,2012-12-07 22:00:00,1.60692,54.69479311715705,64.63024992652777,0.006529928320292701
GBP_USD,2012-12-09 22:00:00,1.60954,55.911566757988965,66.05758215471612,0.0072779426562341615
GBP_USD,2012-12-10 22:00:00,1.60847,55.28427577768911,69.99603632330734,0.006994354124987325
GBP_USD,2012-12-11 22:00:00,1.6104,56.20118538985185,68.12736107520652,0.007463483299989841
GBP_USD,2012-12-12 22:00:00,1.61548,58.51731457838674,74.56609108502772,0.0073347866399918835
GBP_USD,2012-12-13 22:00:00,1.61578,58.650896387652345,76.98504896985051,0.007103829311993522
GBP_USD,2012-12-15 22:00:00,1.61948,60.282685605311244,77.61121742094367,0.00791506344959483
GBP_USD,2012-12-16 22:00:00,1.62436,62.31196927308494,73.68433755228284,0.00857805075967588
GBP_USD,2012-12-17 22:00:00,1.6239,62.003055519909324,75.55313152874098,0.007914440607740712
GBP_USD,2012-12-18 22:00:00,1.61526,56.555292723215615,67.78153153153107,0.007239552486192612
GBP_USD,2012-12-19 22:00:00,1.61528,56.5644315430809,57.556306306305906,0.00619164198895409
GBP_USD,2012-12-20 22:00:00,1.61015,53.574103847675595,42.07207207207179,0.00602931359116326
GBP_USD,2012-12-22 22:00:00,1.61088,53.93261090310859,37.13963963963956,0.0062174508729305935
GBP_USD,2012-12-23 22:00:00,1.60668,51.56274836271688,24.82710750038395,0.006859960698344441
GBP_USD,2012-12-25 22:00:00,1.6079,52.19397905242673,19.798891738291346,0.007571968558675528
GBP_USD,2012-12-26 22:00:00,1.61661,56.39122202468055,24.709661477637777,0.008025574846940393
GBP_USD,2012-12-27 22:00:00,1.61342,54.57580077440112,33.03681739560166,0.008586459877552294
GBP_USD,2012-12-29 22:00:00,1.62258,58.54056474506842,46.13444151464248,0.011817167902041834
GBP_USD,2012-12-30 22:00:00,1.60918,51.7102699992791,35.497825757916424,0.010067734321633494
GBP_USD,2013-01-01 22:00:00,1.60097,48.149560980907715,16.294319379330933,0.00840418745730678
GBP_USD,2013-01-02 22:00:00,1.6069,50.68677930823793,-1.9552691577973782,0.007909349965845422
GBP_USD,2013-01-03 22:00:00,1.60733,50.86712865191335,-6.77315545238433,0.006605479972676339
GBP_USD,2013-01-04 22:00:00,1.60216,48.65395889572193,-4.595862657283031,0.006166383978141077
GBP_USD,2013-01-05 22:00:00,1.60291,48.9870415306404,-8.85050117295794,0.007081107182512856
GBP_USD,2013-01-06 22:00:00,1.59928,47.446003754904375,-15.705914634600594,0.006586885746010286
GBP_USD,2013-01-07 22:00:00,1.60046,47.996135028109286,-12.303350893750604,0.008777508596808207
GBP_USD,2013-01-08 22:00:00,1.60887,51.7221592304536,-1.896151130859731,0.010514006877446573
GBP_USD,2013-01-09 22:00:00,1.6132,53.49679051885084,14.67149220489948,0.009277205501957247
GBP_USD,2013-01-10 22:00:00,1.6127,53.26291187515017,26.03006681514451,0.007547764401565824
GBP_USD,2013-01-11 22:00:00,1.60318,49.04007625224345,20.74981440237541,0.006598211521252642
GBP_USD,2013-01-12 22:00:00,1.60332,49.10146642919438,11.581291759465332,0.006662569217002122
GBP_USD,2013-01-13 22:00:00,1.5976,46.722504561808,-2.43132887899062,0.0062780553736016915
GBP_USD,2013-01-14 22:00:00,1.59555,45.898046985314686,-7.886303668233697,0.006286444298881375
GBP_USD,2013-01-15 22:00:00,1.5854,42.0935825704586,-20.846638831828155,0.006045155439105094
GBP_USD,2013-01-16 22:00:00,1.58715,42.937204053456895,-16.54077394689849,0.005186124351284104
GBP_USD,2013-01-17 22:00:00,1.58384,41.747165238818155,-12.393269001675913,0.004670899481027283
GBP_USD,2013-01-18 22:00:00,1.58062,40.61435272814539,-2.872062663185559,0.004840719584821865
GBP_USD,2013-01-19 22:00:00,1.58092,40.76925823500547,-4.546947221375903,0.005418575667857495
GBP_USD,2013-01-20 22:00:00,1.58021,40.510547869107015,-6.8369726719285,0.0060028605342859545
GBP_USD,2013-01-21 22:00:00,1.57566,38.87512840734516,-11.47599375688975,0.0058002884274287745
GBP_USD,2013-01-22 22:00:00,1.57461,38.50404751795826,-13.618230488800478,0.006054230741943002
GBP_USD,2013-01-23 22:00:00,1.57564,39.094014772854756,-11.73365185279335,0.005377384593554392
GBP_USD,2013-01-24 22:00:00,1.56747,36.24108759594736,-11.729649665237408,0.0049099076748435454
GBP_USD,2013-01-26 22:00:00,1.56864,36.92301540140247,-8.504570231118615,0.005901926139874846
GBP_USD,2013-01-27 22:00:00,1.57256,39.17768999614325,-5.5573948729226474,0.007331540911899879
GBP_USD,2013-01-28 22:00:00,1.57752,41.896232379124044,7.035660195511711,0.008851232729519926
GBP_USD,2013-01-29 22:00:00,1.56902,38.82019626133463,7.279875964537603,0.009144986183615918
GBP_USD,2013-01-30 22:00:00,1.56925,38.945673534589254,5.173308430460739,0.0073619889468927256
GBP_USD,2013-01-31 22:00:00,1.56832,38.61440157921532,-1.0180963572267283,0.0059855911575141885
GBP_USD,2013-02-01 22:00:00,1.56918,39.1098644928318,-0.7273898133140092,0.0065684729260113775
GBP_USD,2013-02-02 22:00:00,1.56306,36.91635413503041,-6.0438889973732195,0.00750877834080908
GBP_USD,2013-02-03 22:00:00,1.56318,36.988039326947636,-7.7677255410991,0.006963022672647266
GBP_USD,2013-02-04 22:00:00,1.56459,37.84653699904243,-8.977887104046202,0.00831841813811783
GBP_USD,2013-02-05 22:00:00,1.57052,41.32455146707709,2.891561618037125,0.010628734510494276
GBP_USD,2013-02-06 22:00:00,1.5801,46.34254603912388,25.45624412499714,0.01041898760839545
GBP_USD,2013-02-07 22:00:00,1.5653,40.770222620107496,25.856432125088844,0.008539190086716365
GBP_USD,2013-02-08 22:00:00,1.55723,38.18061245160305,6.912333407906942,0.007191352069373097
GBP_USD,2013-02-10 22:00:00,1.55238,36.7301532743725,-32.573017445656184,0.008091081655498518
GBP_USD,2013-02-11 22:00:00,1.54752,35.33850779206119,-38.301289758651826,0.006858865324398812
GBP_USD,2013-02-12 22:00:00,1.5462,34.96627370147294,-28.750901590700618,0.0069850922595190495
GBP_USD,2013-02-13 22:00:00,1.55178,37.83000518195655,-7.429350302918562,0.006704073807615224
GBP_USD,2013-02-14 22:00:00,1.5438,35.516273488644046,-5.759708105290321,0.005607259046092179
GBP_USD,2013-02-15 22:00:00,1.54148,34.87477395282025,-6.9847747804341305,0.0058178072368737215
GBP_USD,2013-02-17 22:00:00,1.51928,29.58508616248055,-26.040345734189597,0.005386245789498976
GBP_USD,2013-02-18 22:00:00,1.5132,28.36611788553958,-26.396840941191442,0.005920996631599172
GBP_USD,2013-02-19 22:00:00,1.51624,29.860883562074946,-26.040465373419313,0.008536797305279318
GBP_USD,2013-02-20 22:00:00,1.50754,28.123510494141954,-9.144036573575859,0.009239437844223479
GBP_USD,2013-02-21 22:00:00,1.51131,29.950519565760075,-2.372984398409286,0.010271550275378776
GBP_USD,2013-02-24 22:00:00,1.5081,29.294632835892628,1.4278873362065958,0.009723240220303029
GBP_USD,2013-02-25 22:00:00,1.51489,32.527865314775994,4.627573897523023,0.010608592176242444
GBP_USD,2013-02-26 22:00:00,1.49857,29.207042043924332,-0.9185494754254638,0.00922487374099395
GBP_USD,2013-02-27 22:00:00,1.50386,31.550302211480002,-1.0099690914630954,0.008437898992795165
GBP_USD,2013-02-28 22:00:00,1.49996,30.77344925987755,-5.670192851856691,0.008326319194236154
GBP_USD,2013-03-01 22:00:00,1.50943,34.805752652626765,0.7933521742281314,0.01064105535538893
GBP_USD,2013-03-03 22:00:00,1.50162,33.15799592453861,-0.17433401896351208,0.00973084428431113
GBP_USD,2013-03-04 22:00:00,1.49674,32.173459318752634,-1.0636649307798918,0.009116675427448926
GBP_USD,2013-03-05 22:00:00,1.48856,30.59804767912979,-9.820537614765023,0.008893340341959143
GBP_USD,2013-03-06 22:00:00,1.4926,32.29194829586196,-8.852851421573378,0.007922672273567279
GBP_USD,2013-03-07 22:00:00,1.48661,31.12670114796468,-9.271060385662471,0.006786137818853827
GBP_USD,2013-03-08 22:00:00,1.48316,30.47156126864887,-7.538550507275697,0.0064989102550830555
GBP_USD,2013-03-10 21:00:00,1.48932,33.07342423497995,-8.111363902296587,0.00820112820406644
GBP_USD,2013-03-11 21:00:00,1.49126,33.879548561107526,-4.691752747339999,0.011086902563253138
GBP_USD,2013-03-12 21:00:00,1.50688,39.90821282227183,9.978685192482061,0.014149522050602508
GBP_USD,2013-03-13 21:00:00,1.5115,41.53914044298515,27.393436127337328,0.01224361764048202
GBP_USD,2013-03-14 21:00:00,1.50726,40.49568137877344,40.35825787651467,0.010370894112385615
GBP_USD,2013-03-15 21:00:00,1.50734,40.52484227719399,48.05443784711672,0.009736715289908467
GBP_USD,2013-03-17 21:00:00,1.5027,39.36729370320151,44.111005585844005,0.010049372231926791
GBP_USD,2013-03-18 21:00:00,1.50888,41.66320043712496,50.00522629873504,0.011691497785541467
GBP_USD,2013-03-19 21:00:00,1.51662,44.391333278640154,57.62869647020322,0.012549198228433195
GBP_USD,2013-03-20 21:00:00,1.51432,43.76221494526854,67.07676832277393,0.011935358582746544
GBP_USD,2013-03-21 21:00:00,1.51356,43.55123380830633,69.35631195780603,0.010828286866197228
GBP_USD,2013-03-22 21:00:00,1.5093,42.366857134524686,61.64894609214726,0.009578629492957787
GBP_USD,2013-03-24 21:00:00,1.51122,43.08847043061373,58.75769445998899,0.009822903594366215
GBP_USD,2013-03-25 21:00:00,1.51784,45.52144634718487,62.74948703600098,0.010012322875492962
GBP_USD,2013-03-26 21:00:00,1.51784,45.52144634718488,70.71441895168832,0.009283858300394366
GBP_USD,2013-03-27 21:00:00,1.50994,43.1648592442585,69.52061182615209,0.009031086640315477
GBP_USD,2013-03-28 21:00:00,1.50758,42.485166032602294,59.95150158552523,0.008406869312252353
GBP_USD,2013-03-31 21:00:00,1.50337,41.28546472917458,46.45588509606436,0.010121495449801883
GBP_USD,2013-04-01 21:00:00,1.51994,47.33999401733223,49.63847285572788,0.014691196359841495
GBP_USD,2013-04-02 21:00:00,1.52389,48.64588771807094,57.885706371447526,0.014784957087873165
GBP_USD,2013-04-03 21:00:00,1.52505,49.02988371562683,70.53984758474807,0.01388596567029856
GBP_USD,2013-04-04 21:00:00,1.5293,50.43458637221505,74.07199976123842,0.012966772536238852
GBP_USD,2013-04-07 21:00:00,1.53189,51.28103560994762,73.26316277485314,0.012745418028991078
GBP_USD,2013-04-08 21:00:00,1.53411,52.00775989343073,74.32911211820611,0.012012334423192859
GBP_USD,2013-04-09 21:00:00,1.53426,52.057746264854096,75.36600891152108,0.009639867538554262
GBP_USD,2013-04-10 21:00:00,1.52702,49.484280393003104,70.19944833439405,0.008559894030843415
GBP_USD,2013-04-11 21:00:00,1.52731,49.587545495996636,62.98535964353882,0.009027915224674714
GBP_USD,2013-04-12 21:00:00,1.5217,47.63871012818655,49.251767453106375,0.009206332179739802
GBP_USD,2013-04-14 21:00:00,1.52184,47.69178157172625,43.35052390189389,0.009281065743791827
GBP_USD,2013-04-15 21:00:00,1.52244,47.92578368441289,37.790760575570594,0.010418852595033447
GBP_USD,2013-04-16 21:00:00,1.52043,47.194129445424686,36.41674780915265,0.009701082076026737
GBP_USD,2013-04-17 21:00:00,1.51972,46.93231464619254,34.12312019906921,0.00963886566082139
GBP_USD,2013-04-18 21:00:00,1.52268,48.172322899464895,34.38277615492772,0.009515092528657119
GBP_USD,2013-04-21 21:00:00,1.52654,49.75610906453064,37.79958977391028,0.012682074022925694
GBP_USD,2013-04-22 21:00:00,1.54189,55.36703884263198,54.24457366372453,0.014817659218340565
GBP_USD,2013-04-23 21:00:00,1.54762,57.21222737764557,68.98007849834977,0.014396127374672451
GBP_USD,2013-04-24 21:00:00,1.54684,56.88108394379176,80.39351213235268,0.013358901899737948
GBP_USD,2013-04-25 21:00:00,1.5527,58.73722915877226,80.03668281909798,0.013451121519790348
GBP_USD,2013-04-28 21:00:00,1.54967,57.415205259303136,75.48131039127337,0.012034897215832277
GBP_USD,2013-04-29 21:00:00,1.54808,56.722168249975056,71.84570050897406,0.011741917772665816
GBP_USD,2013-04-30 21:00:00,1.55207,58.03707303805562,71.28315028127524,0.01174153421813267
GBP_USD,2013-05-01 21:00:00,1.54463,54.82398441303856,66.78274845968387,0.010025227374506103
GBP_USD,2013-05-02 21:00:00,1.5471,55.666916176881024,65.9076703277078,0.010926181899604915
GBP_USD,2013-05-05 21:00:00,1.5426,53.77583372551216,57.45155817483691,0.011080945519683942
GBP_USD,2013-05-06 21:00:00,1.53142,49.45766638106782,45.655862130547256,0.009496756415747164
GBP_USD,2013-05-07 21:00:00,1.52778,48.15528227854715,28.40432181444753,0.009009405132597745
GBP_USD,2013-05-08 21:00:00,1.52076,45.75163325404623,8.902580587552128,0.008271524106078195
GBP_USD,2013-05-09 21:00:00,1.51738,44.641765267049706,-1.2723182563550786,0.007921219284862573
GBP_USD,2013-05-12 21:00:00,1.51974,45.595047971809976,-6.218389001748682,0.009308975427890078
GBP_USD,2013-05-13 21:00:00,1.51582,44.28468866511085,-8.182427900737563,0.009215180342312054
GBP_USD,2013-05-14 21:00:00,1.51662,44.620694948547275,-7.305676800794984,0.009834144273849653
GBP_USD,2013-05-15 21:00:00,1.51128,42.83681928665923,-12.700758336803412,0.010083315419079718
GBP_USD,2013-05-16 21:00:00,1.50197,39.955839624913054,-18.313779810759012,0.009296652335263795
GBP_USD,2013-05-19 21:00:00,1.5014,39.786364615753016,-18.357222854660105,0.009611321868211023
GBP_USD,2013-05-20 21:00:00,1.50644,42.0352549227541,-11.092295779756776,0.010261057494568793
GBP_USD,2013-05-21 21:00:00,1.50874,43.0395637670293,1.0528834649438894,0.010052845995655037
GBP_USD,2013-05-22 21:00:00,1.50275,41.12010065938326,1.8604929408950515,0.008994276796524049
GBP_USD,2013-05-23 21:00:00,1.50084,40.523953446401656,-0.8847542617136225,0.009567421437219236
GBP_USD,2013-05-26 21:00:00,1.51106,44.94228514291896,1.0471392737200407,0.01222593714977541
GBP_USD,2013-05-27 21:00:00,1.51406,46.15690357394171,8.384233504870968,0.012372749719820301
GBP_USD,2013-05-28 21:00:00,1.51928,48.213325443427706,19.4833445747802,0.014610199775856248
GBP_USD,2013-05-29 21:00:00,1.52736,51.1979154076504,29.408614704463016,0.014692159820685006
GBP_USD,2013-05-30 21:00:00,1.52914,51.83057487584241,38.686772587448054,0.014463727856547995
GBP_USD,2013-06-02 21:00:00,1.53818,54.90213688674152,47.12580472563875,0.01943098228523842
GBP_USD,2013-06-03 21:00:00,1.54886,58.16259512065198,56.20670162210359,0.020272785828190712
GBP_USD,2013-06-04 21:00:00,1.5495,58.349266317226956,64.44375516956164,0.018178228662552576
GBP_USD,2013-06-05 21:00:00,1.5521,59.115892635137136,71.63978494623653,0.017702582930042024
GBP_USD,2013-06-06 21:00:00,1.56337,62.23297096144532,78.40625122861215,0.01774606634403361
GBP_USD,2013-06-09 21:00:00,1.56448,62.524088066977356,83.74913824343129,0.016282853075226922
GBP_USD,2013-06-10 21:00:00,1.56164,61.273974207917604,86.39246004621428,0.014622282460181515
GBP_USD,2013-06-11 21:00:00,1.5681,63.01408157616556,86.44696999317922,0.014399825968145239
GBP_USD,2013-06-12 21:00:00,1.55655,58.17891483762719,82.18614433375858,0.012379860774516187
GBP_USD,2013-06-13 21:00:00,1.54498,53.89357316410578,73.86337032354736,0.01213388861961295
GBP_USD,2013-06-16 21:00:00,1.54151,52.68947178113208,61.413119820199476,0.011047110895690345
GBP_USD,2013-06-17 21:00:00,1.53684,51.099982900347655,52.18429554712736,0.011147688716552312
GBP_USD,2013-06-18 21:00:00,1.53438,50.27353672989562,47.22105164583039,0.010854150973241833
GBP_USD,2013-06-19 21:00:00,1.53977,52.03195719825271,46.406330477127,0.011359320778593456
GBP_USD,2013-06-20 21:00:00,1.5298,48.734342431848944,39.96645457657325,0.009943456622874733
GBP_USD,2013-06-23 21:00:00,1.52018,45.83480753850311,25.367423542649757,0.008918765298299797
GBP_USD,2013-06-24 21:00:00,1.51658,44.802878503984054,6.038341887398758,0.00868101223863984
GBP_USD,2013-06-25 21:00:00,1.51837,45.43477242565565,-4.241746651561485,0.00860880979091185
GBP_USD,2013-06-26 21:00:00,1.51366,44.06174082634871,-8.085764218863758,0.007977047832729471
GBP_USD,2013-06-27 21:00:00,1.51302,43.87536258160589,-6.991559269364518,0.009745638266183588
GBP_USD,2013-06-30 21:00:00,1.50558,41.75152115762647,-11.301922833499086,0.01096051061294686
GBP_USD,2013-07-01 21:00:00,1.48581,36.84835646316143,-17.62127170151985,0.009230408490357495
GBP_USD,2013-07-02 21:00:00,1.48588,36.875509392675426,-16.77369167637252,0.009550326792285976
GBP_USD,2013-07-03 21:00:00,1.48136,35.84598600462746,-13.477898937441042,0.010082261433828748
GBP_USD,2013-07-04 21:00:00,1.48454,37.12359463246844,-3.7730942237017095,0.012149809147062976
GBP_USD,2013-07-07 21:00:00,1.49982,42.787125367979726,1.791279259921841,0.01725584731765037
GBP_USD,2013-07-08 21:00:00,1.50767,45.40082224116728,12.033163745995923,0.017616677854120313
GBP_USD,2013-07-09 21:00:00,1.5028,44.10764549730037,19.109337769472514,0.015175342283296233
GBP_USD,2013-07-10 21:00:00,1.5045,44.676689103033695,21.490027610749,0.014960273826636988
GBP_USD,2013-07-11 21:00:00,1.50792,45.824567729616355,24.246289229344274,0.016424219061309607
GBP_USD,2013-07-14 21:00:00,1.51582,48.38373472428549,32.611419939127344,0.01639137524904772
GBP_USD,2013-07-15 21:00:00,1.51972,49.599615147625215,43.312302428050735,0.015597100199238196
GBP_USD,2013-07-16 21:00:00,1.52587,51.46468832667651,54.03660967538789,0.016221680159390572
GBP_USD,2013-07-17 21:00:00,1.53266,53.432844904166934,66.12248893970737,0.015643344127512428
GBP_USD,2013-07-18 21:00:00,1.52894,52.232410822601885,74.91555118917319,0.013782675302009946
GBP_USD,2013-07-21 21:00:00,1.52632,51.39120850971462,76.77929330971334,0.013940140241607953
GBP_USD,2013-07-22 21:00:00,1.5356,54.09980822473018,78.75826019899257,0.014224112193286372
GBP_USD,2013-07-23 21:00:00,1.53288,53.20094515574617,79.03538109487778,0.012535289754629078
GBP_USD,2013-07-24 21:00:00,1.5224,49.89660717053891,76.73531655225035,0.010532231803703277
GBP_USD,2013-07-25 21:00:00,1.51258,47.063132054196764,63.228304875902275,0.00903178544296264
GBP_USD,2013-07-28 21:00:00,1.51108,46.64457701554885,50.437129613331116,0.009559428354370125
GBP_USD,2013-07-29 21:00:00,1.51025,46.408323803879966,43.30810303350369,0.011609542683496121
GBP_USD,2013-07-30 21:00:00,1.52594,51.238082623720715,51.14709851551979,0.014805634146796899
GBP_USD,2013-07-31 21:00:00,1.5332,53.25460867601025,64.12603414891761,0.014488507317437522
GBP_USD,2013-08-01 21:00:00,1.5206,49.573885123093945,62.658975835213475,0.015580805853950046
GBP_USD,2013-08-04 21:00:00,1.54852,56.47038803452699,66.70062764757687,0.019832644683160035
GBP_USD,2013-08-05 21:00:00,1.5497,56.729125273737424,67.31158352854031,0.017334115746528055
GBP_USD,2013-08-06 21:00:00,1.5459,55.62761281569886,80.18549747048917,0.014499292597222456
GBP_USD,2013-08-07 21:00:00,1.54274,54.71369713024453,75.66723917368459,0.012663434077777964
GBP_USD,2013-08-08 21:00:00,1.54222,54.561102811138994,69.93832403055832,0.012522747262222366
GBP_USD,2013-08-11 21:00:00,1.54968,56.36709222548041,68.3073656216797,0.014620197809777889
GBP_USD,2013-08-12 21:00:00,1.56079,58.88470709419296,76.02227986074006,0.014908158247822304
GBP_USD,2013-08-13 21:00:00,1.56096,58.92222513645507,83.35136928751695,0.013234526598257843
GBP_USD,2013-08-14 21:00:00,1.56288,59.355549986207556,89.2063649915262,0.012313621278606303
GBP_USD,2013-08-15 21:00:00,1.56378,59.562400492892486,87.81572805617559,0.011630897022885025
GBP_USD,2013-08-18 21:00:00,1.5563,57.06544450403897,83.02090881395549,0.009900717618308016
GBP_USD,2013-08-19 21:00:00,1.5539,56.28229728228132,76.93380179577274,0.009396574094646403
GBP_USD,2013-08-20 21:00:00,1.55569,56.7403529121441,72.42206235011997,0.008981259275717121
GBP_USD,2013-08-21 21:00:00,1.54818,54.27232817686244,67.89359210306174,0.007897007420573698
GBP_USD,2013-08-22 21:00:00,1.54282,52.58361450190305,61.71434945067201,0.007751605936458983
GBP_USD,2013-08-25 21:00:00,1.54828,54.08899228761691,57.581841503541376,0.00860528474916717
GBP_USD,2013-08-26 21:00:00,1.54627,53.44284239304509,50.77315320125317,0.007788227799333709
GBP_USD,2013-08-27 21:00:00,1.5506,54.65014296264433,47.81187985833546,0.008852582239466958
GBP_USD,2013-08-28 21:00:00,1.55222,55.10077099652672,43.267430654223006,0.009048065791573568
GBP_USD,2013-08-29 21:00:00,1.5556,56.043507358256896,43.20301209972524,0.009742452633258871
GBP_USD,2013-09-01 21:00:00,1.55727,56.51023281063232,44.34827047756672,0.010013962106607075
GBP_USD,2013-09-02 21:00:00,1.55648,56.218121308177025,43.05349182763786,0.010189169685285673
GBP_USD,2013-09-03 21:00:00,1.56179,57.73716705732379,49.61872681193599,0.011509335748228511
GBP_USD,2013-09-04 21:00:00,1.5686,59.596967189480424,61.01356596510768,0.011735468598582807
GBP_USD,2013-09-05 21:00:00,1.5719,60.46900536108958,68.78676068809887,0.012256374878866251
GBP_USD,2013-09-08 21:00:00,1.57763,61.94438639813746,75.95096348603711,0.012221099903092975
GBP_USD,2013-09-09 21:00:00,1.57766,61.95207747751476,73.03037615837086,0.011952879922474381
GBP_USD,2013-09-10 21:00:00,1.58949,64.84996221606575,79.24322601362871,0.013294303937979486
GBP_USD,2013-09-11 21:00:00,1.58858,64.45928726825377,79.92876816122242,0.01146944315038359
GBP_USD,2013-09-12 21:00:00,1.58925,64.62161789701759,75.73094571105877,0.01472355452030685
GBP_USD,2013-09-15 21:00:00,1.60228,67.59894379617265,73.58933170509466,0.016956843616245474
GBP_USD,2013-09-16 21:00:00,1.59867,66.00686858609345,70.2827087442472,0.01444147489299639
GBP_USD,2013-09-17 21:00:00,1.59942,66.17806687298646,75.42608607697366,0.013273179914397101
GBP_USD,2013-09-18 21:00:00,1.59556,64.44992282032547,72.02751226419873,0.01163054393151765
GBP_USD,2013-09-19 21:00:00,1.59797,65.03957453833519,71.67349415870127,0.011954435145214118
GBP_USD,2013-09-22 21:00:00,1.59996,65.52798059010088,71.94659384008497,0.011889548116171302
GBP_USD,2013-09-23 21:00:00,1.60302,66.277386576944,75.40201400287923,0.012457638492937023
GBP_USD,2013-09-24 21:00:00,1.61375,68.74233858186915,83.29928689423885,0.012192110794349637
GBP_USD,2013-09-25 21:00:00,1.61284,68.30431217516639,87.73619089896802,0.011055688635479713
GBP_USD,2013-09-26 21:00:00,1.61823,69.49531598529387,90.88855609551804,0.011484550908383746
GBP_USD,2013-09-27 21:00:00,1.61628,68.53154773919505,87.40863539819759,0.010561640726706983
GBP_USD,2013-09-29 21:00:00,1.61548,68.13055396310965,85.7670410373034,0.0100173125813656
GBP_USD,2013-09-30 21:00:00,1.60066,61.26122603291371,74.67966766563391,0.008477850065092456
GBP_USD,2013-10-01 21:00:00,1.60162,61.52120610877147,64.07030357623272,0.008654280052073972
GBP_USD,2013-10-02 21:00:00,1.602,61.62665922674358,51.95265041916156,0.009087424041659188
GBP_USD,2013-10-03 21:00:00,1.59163,57.20116985594482,41.74475486054556,0.009307939233327334
GBP_USD,2013-10-06 21:00:00,1.59139,57.102993412792564,25.529855723092627,0.008700351386661868
GBP_USD,2013-10-07 21:00:00,1.59236,57.40863167743666,12.325925203005239,0.008722281109329492
GBP_USD,2013-10-08 21:00:00,1.59547,58.39189665086724,8.937139642013534,0.008877824887463606
GBP_USD,2013-10-09 21:00:00,1.5915,56.664417636640366,3.0604890200300683,0.008234259909970884
GBP_USD,2013-10-10 21:00:00,1.58944,55.77863321739435,-5.9435695165845255,0.009535407927976703
GBP_USD,2013-10-13 21:00:00,1.59402,57.31336007164038,-11.665478472009895,0.013188326342381373
GBP_USD,2013-10-14 21:00:00,1.6142,63.14365050024341,13.216324117136537,0.01624866107390508
GBP_USD,2013-10-15 21:00:00,1.61324,62.72205899365132,39.31019708654708,0.013778928859124068
GBP_USD,2013-10-16 21:00:00,1.61158,61.98179533310348,58.11910882605008,0.01332714308729925
GBP_USD,2013-10-17 21:00:00,1.612,62.098875324109805,55.76263924593014,0.013481714469839402
GBP_USD,2013-10-20 21:00:00,1.6138,62.60938056805763,56.3624678663242,0.0128493715758715
GBP_USD,2013-10-21 21:00:00,1.61504,62.96487626401693,60.06855184233107,0.012471497260697217
GBP_USD,2013-10-22 21:00:00,1.61246,61.70219544932993,60.56126820908332,0.01113719780855778
GBP_USD,2013-10-23 21:00:00,1.60232,57.050649390341114,48.357547109891584,0.009321758246846215
GBP_USD,2013-10-24 21:00:00,1.59987,55.99553035761385,32.170670909927786,0.008567406597476962
GBP_USD,2013-10-27 21:00:00,1.60062,56.251754437313934,19.56003467706984,0.008251925277981579
GBP_USD,2013-10-28 21:00:00,1.5909,52.17848729847873,7.184655396619104,0.007411540222385285
GBP_USD,2013-10-29 21:00:00,1.59036,51.96224260482315,-0.3828948261898626,0.007321232177908244
GBP_USD,2013-10-30 21:00:00,1.59484,53.612172602027236,-4.255693148229888,0.009040985742326584
GBP_USD,2013-10-31 21:00:00,1.60421,56.82095770813896,11.832176275279382,0.01062278859386127
GBP_USD,2013-11-03 22:00:00,1.60096,55.44481162051417,22.49723312204456,0.009942230875089017
GBP_USD,2013-11-04 22:00:00,1.59575,53.3039291200367,23.412818190964938,0.009873784700071223
GBP_USD,2013-11-05 22:00:00,1.59658,53.59920026746782,15.735989536170914,0.009189027760056992
GBP_USD,2013-11-06 22:00:00,1.58547,49.28395533783616,0.15092061575643,0.00787922220804559
GBP_USD,2013-11-07 22:00:00,1.58784,50.169278567799275,-5.568719187040682,0.010557377766436497
GBP_USD,2013-11-10 22:00:00,1.59888,54.03579796544317,-1.6689076091428185,0.012909902213149221
GBP_USD,2013-11-11 22:00:00,1.60486,55.95099934502208,19.071969696969887,0.013245921770519354
GBP_USD,2013-11-12 22:00:00,1.6082,56.98654113016744,38.352272727273004,0.012604737416415494
GBP_USD,2013-11-13 22:00:00,1.60599,56.084056018736256,45.08522727272748,0.011091789933132382
GBP_USD,2013-11-14 22:00:00,1.6088,56.98019119907592,49.28188315476848,0.011237431946505894
GBP_USD,2013-11-17 22:00:00,1.60724,56.32017163399588,48.79874076234949,0.011249945557204733
GBP_USD,2013-11-18 22:00:00,1.61762,59.545650093514574,62.22394016156225,0.012083956445763785
GBP_USD,2013-11-19 22:00:00,1.61332,57.71911816231665,67.08208556816716,0.010955165156611029
GBP_USD,2013-11-20 22:00:00,1.61384,57.8807459556658,73.9733307273844,0.01049213212528882
GBP_USD,2013-11-21 22:00:00,1.61978,59.70116293964144,68.78707890250642,0.012241705700231087
GBP_USD,2013-11-24 22:00:00,1.6277,61.9683993391787,73.50263850756572,0.012993364560184873
GBP_USD,2013-11-25 22:00:00,1.63145,62.98833381343969,78.77748128625984,0.01254669164814792
GBP_USD,2013-11-26 22:00:00,1.6343,63.752594366300976,82.99088259090429,0.012607353318518342
GBP_USD,2013-11-27 22:00:00,1.6347,63.860941650028884,82.99068571192831,0.011967882654814658
GBP_USD,2013-11-28 22:00:00,1.63236,62.726271329193075,80.46575003096741,0.010722306123851699
GBP_USD,2013-12-01 22:00:00,1.63006,61.61314868848501,77.8397126223213,0.010189844899081351
GBP_USD,2013-12-02 22:00:00,1.62931,61.24651563606661,74.5014245014245,0.010001875919265078
GBP_USD,2013-12-03 22:00:00,1.63233,62.18387089296291,74.48284404806145,0.010795500735412071
GBP_USD,2013-12-04 22:00:00,1.6419,64.96205096112908,80.45098171519935,0.011512400588329624
GBP_USD,2013-12-05 22:00:00,1.63393,61.095178086367774,79.36752890594857,0.009993920470663728
GBP_USD,2013-12-08 22:00:00,1.63212,60.25258218763209,74.68629435057504,0.009581136376530982
GBP_USD,2013-12-09 22:00:00,1.62626,57.592350235749954,58.74345007478947,0.00844490910122479
GBP_USD,2013-12-10 22:00:00,1.62896,58.4663934217058,52.79809718763283,0.008491927280979836
GBP_USD,2013-12-11 22:00:00,1.62176,55.32102930430659,41.96305486628073,0.007725541824783891
GBP_USD,2013-12-12 22:00:00,1.6262,56.80350262717349,41.25215040821019,0.011514433459827108
GBP_USD,2013-12-15 22:00:00,1.63356,59.129006278496774,42.521994865679964,0.011951546767861651
GBP_USD,2013-12-16 22:00:00,1.6316,58.264880685447146,48.426075972658744,0.01074723741428932
GBP_USD,2013-12-17 22:00:00,1.63247,58.54308235663428,51.78553363682326,0.00977778993143146
GBP_USD,2013-12-18 22:00:00,1.63227,58.450425033665255,46.766454826406864,0.008960231945145163
GBP_USD,2013-12-19 22:00:00,1.63462,59.23467798982161,42.87751576183033,0.009486185556116128
GBP_USD,2013-12-22 22:00:00,1.64058,61.158172235138714,40.7360801996293,0.012222948444892929
GBP_USD,2013-12-23 22:00:00,1.646,62.80904509214948,48.27026055476242,0.012326358755914339
GBP_USD,2013-12-25 22:00:00,1.64744,63.23847662510449,58.15168416552218,0.012229087004731486
GBP_USD,2013-12-26 22:00:00,1.64104,60.05050808520719,57.481076212549475,0.01235926960378519
GBP_USD,2013-12-29 22:00:00,1.63956,59.334944606138244,49.59598975281452,0.011167415683028144
GBP_USD,2013-12-30 22:00:00,1.63376,56.60066724552595,34.513274336283274,0.009699932546422515
GBP_USD,2014-01-01 22:00:00,1.63744,57.874806842087054,30.973451327433676,0.00977994603713801
GBP_USD,2014-01-02 22:00:00,1.63766,57.951152821803724,29.105211406096398,0.009771956829710427
GBP_USD,2014-01-05 22:00:00,1.64415,60.15491294433415,39.321533923303754,0.01024556546376835
GBP_USD,2014-01-06 22:00:00,1.63822,57.31558093423068,40.08849557522117,0.009710452371014696
GBP_USD,2014-01-07 22:00:00,1.63466,55.68332302282804,37.13864306784664,0.010284361896811764
GBP_USD,2014-01-08 22:00:00,1.63674,56.433231096672706,29.85250737463139,0.010583489517449394
GBP_USD,2014-01-09 22:00:00,1.63224,54.37400241216796,23.97246804326454,0.009998791613959515
GBP_USD,2014-01-12 22:00:00,1.63144,54.011544993622174,20.80629301868244,0.009223033291167637
GBP_USD,2014-01-13 22:00:00,1.63096,53.78899191662867,7.0054872161907475,0.010266426632934112
GBP_USD,2014-01-14 22:00:00,1.63954,57.0606770631469,8.43822812638633,0.01106714130634729
GBP_USD,2014-01-15 22:00:00,1.63998,57.22134964917952,11.211892164272752,0.010665713045077846
GBP_USD,2014-01-16 22:00:00,1.64504,59.044489693747096,28.050859349834468,0.012280570436062274
GBP_USD,2014-01-19 22:00:00,1.65574,62.537105378392944,44.412786988420095,0.013692456348849802
GBP_USD,2014-01-20 22:00:00,1.64792,58.74930220777254,49.96855877795829,0.013177965079079847
GBP_USD,2014-01-21 22:00:00,1.64754,58.57096903449039,49.64579945059597,0.012728372063263854
GBP_USD,2014-01-22 22:00:00,1.65359,60.54358300470369,45.40156812884086,0.013182697650611063
GBP_USD,2014-01-23 22:00:00,1.65258,60.04979773047142,50.339054884509295,0.01196215812048889
GBP_USD,2014-01-26 22:00:00,1.64444,56.22650631256526,47.054460690824094,0.010383726496391117
GBP_USD,2014-01-27 22:00:00,1.64272,55.45472947066479,35.53719008264448,0.009382981197112925
GBP_USD,2014-01-28 22:00:00,1.62903,49.82373404474123,10.584869675778693,0.007834384957690357
GBP_USD,2014-01-29 22:00:00,1.6257,48.58239742279423,-3.2903772369190385,0.007357507966152277
GBP_USD,2014-01-30 22:00:00,1.62522,48.4025757516108,-15.782041227111883,0.007574006372921823
GBP_USD,2014-02-02 22:00:00,1.62728,49.23675938666995,-11.885170963613225,0.007983205098337451
GBP_USD,2014-02-03 22:00:00,1.62992,50.30196350656202,-8.02706162004025,0.009300564078669957
GBP_USD,2014-02-04 22:00:00,1.63828,53.49847521686174,3.912963978789401,0.010008451262935958
GBP_USD,2014-02-05 22:00:00,1.63932,53.8802213111808,14.920460778935746,0.010104761010348788
GBP_USD,2014-02-06 22:00:00,1.64259,55.07968706295007,26.503931248857103,0.012219808808278991
GBP_USD,2014-02-09 22:00:00,1.65948,60.5604137084191,45.51914637463093,0.0147318470466232
GBP_USD,2014-02-10 22:00:00,1.66449,61.98371352555123,62.51533747014599,0.01500547763729856
GBP_USD,2014-02-11 22:00:00,1.66958,63.372928797250424,76.54903452344647,0.01556038210983883
GBP_USD,2014-02-12 22:00:00,1.66546,61.49137452931911,72.86026299446304,0.01336630568787104
GBP_USD,2014-02-13 22:00:00,1.6637,60.69502310737319,69.10866910866913,0.012277044550296863
GBP_USD,2014-02-16 22:00:00,1.66251,60.15016311667785,64.56525930210132,0.011093635640237519
GBP_USD,2014-02-17 22:00:00,1.6612,59.54146918060174,61.82764603817231,0.010872908512190048
GBP_USD,2014-02-18 22:00:00,1.65836,58.220155807877205,58.39598997493736,0.010038326809752024
GBP_USD,2014-02-19 22:00:00,1.66416,60.091215713485354,59.456333140543784,0.010898661447801624
GBP_USD,2014-02-20 22:00:00,1.6622,59.16494763898515,60.0989653621233,0.009946929158241264
GBP_USD,2014-02-23 22:00:00,1.66163,58.891846871570884,62.2003727266885,0.009501543326593047
GBP_USD,2014-02-24 22:00:00,1.66763,60.85922357292655,64.43030653556958,0.01065323466127445
GBP_USD,2014-02-25 22:00:00,1.66534,59.73056223191598,66.4481717113296,0.010028587729019567
GBP_USD,2014-02-26 22:00:00,1.66406,59.09683956324549,67.8958656080262,0.009290870183215658
GBP_USD,2014-02-27 22:00:00,1.66569,59.66064912479011,66.54545224363783,0.009456696146572508
GBP_USD,2014-03-02 22:00:00,1.66858,60.65535503183405,68.29672338984057,0.00998735691725802
GBP_USD,2014-03-03 22:00:00,1.67065,61.361321088203546,70.98634843030423,0.009993885533806444
GBP_USD,2014-03-04 22:00:00,1.66221,57.0441000905874,65.85830529560364,0.008689108427045173
GBP_USD,2014-03-05 22:00:00,1.65968,55.826097586410846,54.820755882489514,0.007577286741636154
GBP_USD,2014-03-06 22:00:00,1.65688,54.49396748110238,26.663959243959486,0.006841829393308927
GBP_USD,2014-03-09 21:00:00,1.66066,55.96153656913449,7.633763617563436,0.008457463514647151
GBP_USD,2014-03-10 21:00:00,1.65874,55.02902530013416,-10.219260689172097,0.0076219708117177334
GBP_USD,2014-03-11 21:00:00,1.66051,55.73249404577744,-8.49009921741858,0.007665576649374156
GBP_USD,2014-03-12 21:00:00,1.6546,52.87553039696151,-20.74312268876288,0.006980461319499329
GBP_USD,2014-03-13 21:00:00,1.65081,51.136519174084924,-29.461358991933196,0.007748369055599429
GBP_USD,2014-03-16 21:00:00,1.64805,49.90016539137622,-35.43783692805497,0.00740469524447954
GBP_USD,2014-03-17 21:00:00,1.64754,49.670605818933716,-24.981973597844288,0.006725756195583646
GBP_USD,2014-03-18 21:00:00,1.64601,48.97143901583471,-11.69089452659764,0.006884604956466911
GBP_USD,2014-03-19 21:00:00,1.64809,49.96198932737749,-1.471747662136642,0.0072976839651735315
GBP_USD,2014-03-20 21:00:00,1.65095,51.306487679985786,6.865763546797875,0.008164147172138831
GBP_USD,2014-03-23 21:00:00,1.65555,53.3902678535433,16.656403940886634,0.009285317737711078
GBP_USD,2014-03-24 21:00:00,1.65976,55.2051820453778,28.63300492610813,0.009348254190168829
GBP_USD,2014-03-25 21:00:00,1.66118,55.80563078077753,39.1317733990147,0.009212603352135099
GBP_USD,2014-03-26 21:00:00,1.66182,56.08011930778044,45.56650246305409,0.008630082681708073
GBP_USD,2014-03-27 21:00:00,1.66207,56.19007382344064,47.937192118226534,0.00782606614536646
GBP_USD,2014-03-30 21:00:00,1.65702,53.39662724441953,43.66789819376004,0.007066852916293164
GBP_USD,2014-03-31 21:00:00,1.65526,52.456419215090826,38.43637110016386,0.006369482333034559
GBP_USD,2014-04-01 21:00:00,1.65654,53.07801359290334,35.5927648102959,0.0065275858664276595
GBP_USD,2014-04-02 21:00:00,1.6606,55.0081515299297,40.8403966609888,0.009012068693142132
GBP_USD,2014-04-03 21:00:00,1.67243,59.9713828061669,55.814397110225286,0.011097654954513687
GBP_USD,2014-04-06 21:00:00,1.6754,61.086263941551344,69.42267832761229,0.01081012396361095
GBP_USD,2014-04-07 21:00:00,1.67172,58.9806340248041,76.71214864151297,0.009392099170888749
GBP_USD,2014-04-08 21:00:00,1.66966,57.82636503027795,72.67167083680827,0.008055679336710997
GBP_USD,2014-04-09 21:00:00,1.6659,55.76569436487493,63.868038179964564,0.007492543469368824
GBP_USD,2014-04-10 21:00:00,1.67199,58.25803982638925,64.1182466870538,0.009174034775495065
GBP_USD,2014-04-13 21:00:00,1.67872,60.784037421939935,70.8252064822171,0.009785227820396045
GBP_USD,2014-04-14 21:00:00,1.67744,60.06883746009685,79.8966913956439,0.008192182256316823
GBP_USD,2014-04-15 21:00:00,1.6783,60.39274748882889,83.52324204680673,0.007449745805053466
GBP_USD,2014-04-16 21:00:00,1.6786,60.50834907423319,82.34239157250191,0.007091796644042773
GBP_USD,2014-04-17 21:00:00,1.67624,59.10448987737489,78.2854155927344,0.006673437315234197
GBP_USD,2014-04-20 21:00:00,1.67656,59.23714805941964,74.43033275039812,0.006226749852187358
GBP_USD,2014-04-21 21:00:00,1.67902,60.262256936846015,73.9141319314056,0.006275399881749882
GBP_USD,2014-04-22 21:00:00,1.6778,59.49466319773564,74.48386277315194,0.0063683199053999
GBP_USD,2014-04-23 21:00:00,1.67924,60.11499155903955,76.35698321969436,0.006474655924319946
GBP_USD,2014-04-24 21:00:00,1.68064,60.72001129872128,73.13731039382917,0.007359724739455939
GBP_USD,2014-04-27 21:00:00,1.68705,63.35301436406922,77.49010795955859,0.008225779791564747
GBP_USD,2014-04-28 21:00:00,1.68222,60.2071469404569,75.50453798991337,0.0070806238332518315
GBP_USD,2014-04-29 21:00:00,1.68537,61.49704064538728,77.89835189586883,0.006994499066601475
GBP_USD,2014-04-30 21:00:00,1.68654,61.97069959326768,67.1763510188016,0.008453599253281163
GBP_USD,2014-05-01 21:00:00,1.69514,65.22374614951067,71.43775445100248,0.009186879402624956
GBP_USD,2014-05-04 21:00:00,1.69238,63.422596297194694,70.01203369434442,0.00787750352209996
GBP_USD,2014-05-05 21:00:00,1.68324,57.941191217671744,66.0409145607706,0.006598002817679954
GBP_USD,2014-05-06 21:00:00,1.68432,58.38087619847651,52.41477030540125,0.006702402254143967
GBP_USD,2014-05-07 21:00:00,1.6819,56.99962853810259,39.052728786457465,0.006165921803315156
GBP_USD,2014-05-08 21:00:00,1.67538,53.4735235778727,21.18614447031637,0.006054737442652149
GBP_USD,2014-05-11 21:00:00,1.67314,52.32314514458385,1.7162090661961897,0.005903789954121692
GBP_USD,2014-05-12 21:00:00,1.67837,54.67812256846434,-7.096994416470637,0.006913031963297357
GBP_USD,2014-05-13 21:00:00,1.68055,55.62329759580535,2.7608253414705257,0.006764425570637888
GBP_USD,2014-05-14 21:00:00,1.6802,55.4313006927307,13.019471083987028,0.006709540456510332
GBP_USD,2014-05-15 21:00:00,1.68314,56.729182469903506,19.950595757047434,0.007771632365208295
GBP_USD,2014-05-18 21:00:00,1.68516,57.606648322866704,26.649229875036408,0.007957305892166621
GBP_USD,2014-05-19 21:00:00,1.68131,55.3919508904183,28.2621331008431,0.006845844713733289
GBP_USD,2014-05-20 21:00:00,1.68233,55.85707155436155,27.085149665795182,0.006284675770986596
GBP_USD,2014-05-21 21:00:00,1.67828,53.56305852470481,17.088055797733556,0.006209740616789249
GBP_USD,2014-05-22 21:00:00,1.66978,49.177996799517125,0.3342051729151046,0.005625792493431403
GBP_USD,2014-05-25 21:00:00,1.6693,48.94392198979059,-10.005397102171274,0.005366633994745112
GBP_USD,2014-05-26 21:00:00,1.67135,49.99546992621314,-12.061579803515457,0.005981307195796091
GBP_USD,2014-05-27 21:00:00,1.67244,50.55560731902174,-0.49140049140085446,0.005909045756636909
GBP_USD,2014-05-28 21:00:00,1.67311,50.90530387344814,4.048872255492596,0.005891236605309559
GBP_USD,2014-05-29 21:00:00,1.66988,49.170964784422594,2.2223381854412154,0.005462989284247631
GBP_USD,2014-06-01 21:00:00,1.67225,50.45230228881119,2.323038726864639,0.006890391427398094
GBP_USD,2014-06-02 21:00:00,1.67815,53.47284572089526,11.023716465577278,0.007982313141918492
GBP_USD,2014-06-03 21:00:00,1.6784,53.59684534419203,24.08858144141793,0.007397850513534807
GBP_USD,2014-06-04 21:00:00,1.67428,51.26748666937936,27.426761678542785,0.006590280410827851
GBP_USD,2014-06-05 21:00:00,1.67384,51.022502730536864,20.6017418844018,0.00662622432866227
GBP_USD,2014-06-08 21:00:00,1.67854,53.47898269983957,20.344914033008557,0.00915697946292981
GBP_USD,2014-06-09 21:00:00,1.69222,59.58271247475561,40.45283482480819,0.011457583570343873
GBP_USD,2014-06-10 21:00:00,1.69596,61.028813021861176,63.861372653463654,0.010936066856275104
GBP_USD,2014-06-11 21:00:00,1.69374,59.716816738431774,77.83091933272618,0.009340853485020098
GBP_USD,2014-06-12 21:00:00,1.69204,58.716863403274886,76.06465997770313,0.008788682788016085
GBP_USD,2014-06-15 21:00:00,1.69773,60.97924251187287,73.62972567888455,0.009882946230412857
GBP_USD,2014-06-16 21:00:00,1.70033,61.96453630896238,76.13673500021089,0.009574356984330288
GBP_USD,2014-06-17 21:00:00,1.70019,61.87750394420688,80.4061106366829,0.008581485587464232
GBP_USD,2014-06-18 21:00:00,1.6966,59.65484429158298,79.33390264731023,0.007473188469971372
GBP_USD,2014-06-19 21:00:00,1.69526,58.83875577571431,74.52319954454912,0.006754550775977074
GBP_USD,2014-06-22 21:00:00,1.69713,59.63591797201707,71.52708101237458,0.007159640620781662
GBP_USD,2014-06-23 21:00:00,1.7007,61.12288749947279,74.99798456867525,0.00733571249662534
GBP_USD,2014-06-24 21:00:00,1.70091,61.20984415910888,76.09946403195362,0.008036569997300265
GBP_USD,2014-06-25 21:00:00,1.70962,64.60652091195573,79.4385511052178,0.009575255997840218
GBP_USD,2014-06-26 21:00:00,1.71402,66.15527157871209,82.11938423260018,0.009352204798272201
GBP_USD,2014-06-29 21:00:00,1.71042,63.79260902982509,85.45703292485892,0.008029763838617754
GBP_USD,2014-06-30 21:00:00,1.71316,64.78289851626621,87.03450982148475,0.00793181107089418
GBP_USD,2014-07-01 21:00:00,1.71084,63.26722929609046,84.38140267927488,0.00709344885671536
GBP_USD,2014-07-02 21:00:00,1.70854,61.78475059775585,82.89992119779332,0.006460759085372286
GBP_USD,2014-07-03 21:00:00,1.70942,62.135918782104,79.40928514451669,0.006694607268297834
GBP_USD,2014-07-06 21:00:00,1.7105,62.572568146546786,75.15136825722864,0.0068316858146383
GBP_USD,2014-07-07 21:00:00,1.70895,61.519278435600995,68.7152549511455,0.006385348651710672
GBP_USD,2014-07-08 21:00:00,1.707,60.200445640682894,59.1488314865357,0.006202278921368555
GBP_USD,2014-07-09 21:00:00,1.70594,59.483364107985274,49.81149118942634,0.00740982313709485
GBP_USD,2014-07-10 21:00:00,1.71096,61.717405929831266,50.60367547837262,0.007763858509675873
GBP_USD,2014-07-13 21:00:00,1.70855,60.07239256019328,50.545274544482304,0.006895086807740694
GBP_USD,2014-07-14 21:00:00,1.70364,56.87726515330804,45.04848195835328,0.0061580694461925425
GBP_USD,2014-07-15 21:00:00,1.70558,57.79480029208965,36.496582419329435,0.006188455556954043
GBP_USD,2014-07-16 21:00:00,1.70418,56.891128921100595,29.550151009378784,0.005504764445563222
GBP_USD,2014-07-17 21:00:00,1.70242,55.75734132237456,27.61087267525068,0.005477811556450553
GBP_USD,2014-07-20 21:00:00,1.69664,52.22163608354945,4.295541510690648,0.004970249245160431
GBP_USD,2014-07-21 21:00:00,1.69614,51.92696848300467,-8.999540622853923,0.004612199396128382
GBP_USD,2014-07-22 21:00:00,1.69724,52.536488144188326,-16.41911969786195,0.004481759516902698
GBP_USD,2014-07-23 21:00:00,1.69332,50.19050744624762,-11.632427897082266,0.004037407613522144
GBP_USD,2014-07-24 21:00:00,1.68896,47.73777998473529,-14.96644536532696,0.0036739260908177375
GBP_USD,2014-07-27 21:00:00,1.68572,46.00933545963328,-20.757821302805656,0.0036811408726541662
GBP_USD,2014-07-28 21:00:00,1.68129,43.7678770674513,-21.64046033764599,0.0036609126981233166
GBP_USD,2014-07-29 21:00:00,1.68138,43.825392819818084,-16.323796964254313,0.003946730158498661
GBP_USD,2014-07-30 21:00:00,1.68449,45.80686393356919,-8.731913801328439,0.004657384126798897
GBP_USD,2014-07-31 21:00:00,1.68218,44.59810701107214,-2.113594040968334,0.004555907301439094
GBP_USD,2014-08-03 21:00:00,1.68234,44.702661793037315,-1.2197392923651231,0.0045047258411512695
GBP_USD,2014-08-04 21:00:00,1.67667,41.81007389554546,-8.258840267717963,0.0038337806729210125
GBP_USD,2014-08-05 21:00:00,1.67706,42.07676638465626,-7.795906111951646,0.003649024538336804
GBP_USD,2014-08-06 21:00:00,1.67572,41.40231438585282,-8.762014920776206,0.003831219630669423
GBP_USD,2014-08-07 21:00:00,1.66855,38.02825515210196,-11.29002970623627,0.004824975704535522
GBP_USD,2014-08-10 21:00:00,1.66578,36.828758519042815,-13.190786383760136,0.004089980563628415
GBP_USD,2014-08-11 21:00:00,1.66766,38.19743397224466,-12.057450171411402,0.004151984450902724
GBP_USD,2014-08-12 21:00:00,1.67128,40.7543220489147,-1.3780215140034813,0.004545587560722205
GBP_USD,2014-08-13 21:00:00,1.66112,36.38390470991949,-4.971602764347289,0.003960470048577755
GBP_USD,2014-08-14 21:00:00,1.659,35.56074241993072,-6.200342436051617,0.004600376038862215
GBP_USD,2014-08-17 21:00:00,1.65638,34.56108271244038,-10.640945594685702,0.003906300831089788
GBP_USD,2014-08-18 21:00:00,1.65616,34.47689394572549,-5.926292478515134,0.003797040664871836
GBP_USD,2014-08-19 21:00:00,1.65357,33.483552230863,-4.78079998539548,0.004037632531897447
GBP_USD,2014-08-20 21:00:00,1.65404,33.84138351435678,-3.0770150700266234,0.004424106025517964
GBP_USD,2014-08-21 21:00:00,1.65368,33.69774266413141,-1.9151470512876034,0.004837284820414393
GBP_USD,2014-08-24 21:00:00,1.65674,36.08328160002323,1.5600793980913819,0.005405827856331497
GBP_USD,2014-08-25 21:00:00,1.6563,35.89119343802314,4.3512925915544445,0.005246662285065199
GBP_USD,2014-08-26 21:00:00,1.65864,37.715349712833444,9.063812965571918,0.005829329828052149
GBP_USD,2014-08-27 21:00:00,1.64684,32.84067313953156,-0.4308921023454646,0.005239463862441763
GBP_USD,2014-08-28 21:00:00,1.64402,31.823792544713456,-5.164086067732931,0.004771571089953391
GBP_USD,2014-08-31 21:00:00,1.63316,28.329202524340587,-20.83339740896619,0.004329256871962692
GBP_USD,2014-09-01 21:00:00,1.62804,26.889129758843012,-17.068619953851208,0.003675405497570122
GBP_USD,2014-09-02 21:00:00,1.60986,22.658307922576483,-17.895814243466067,0.005188324398056081
GBP_USD,2014-09-03 21:00:00,1.60598,21.897620867128012,-8.617795734360413,0.005318659518444835
GBP_USD,2014-09-04 21:00:00,1.6052,21.745797011908465,-8.180470692456609,0.007670927614755865
GBP_USD,2014-09-07 21:00:00,1.61861,30.336096774520996,-0.4648964994705678,0.010516742091804698
GBP_USD,2014-09-08 21:00:00,1.62044,31.399199902812185,6.804546889801018,0.010247393673443739
GBP_USD,2014-09-09 21:00:00,1.6221,32.36770513468302,15.784800514619667,0.009727914938754977
GBP_USD,2014-09-10 21:00:00,1.61624,30.780749570110927,14.827807270987774,0.00960233195100396
GBP_USD,2014-09-11 21:00:00,1.62492,35.6176282539346,18.500165694179817,0.011601865560803181
GBP_USD,2014-09-14 21:00:00,1.62463,35.531814437367274,21.033532822312207,0.012475492448642553
GBP_USD,2014-09-15 21:00:00,1.62849,37.60184396393617,28.828828828828637,0.015554393958914055
GBP_USD,2014-09-16 21:00:00,1.62877,37.751830288482715,31.204492163396164,0.014105515167131252
GBP_USD,2014-09-17 21:00:00,1.63028,38.57551986328455,34.690855238800296,0.013852412133704995
GBP_USD,2014-09-18 21:00:00,1.63274,39.91544715521108,37.31334073799818,0.013293929706964011
GBP_USD,2014-09-21 21:00:00,1.62764,38.131500103607024,36.6160681229173,0.010947143765571212
GBP_USD,2014-09-22 21:00:00,1.62378,36.84227777299845,32.60520794767359,0.009885715012456988
GBP_USD,2014-09-23 21:00:00,1.62121,36.00385699617812,25.873063342356588,0.008644572009965573
GBP_USD,2014-09-24 21:00:00,1.61665,34.5602550005172,20.181250919455433,0.008419657607972454
GBP_USD,2014-09-25 21:00:00,1.61616,34.40689980899383,16.48293825938561,0.008453726086377983
GBP_USD,2014-09-28 21:00:00,1.61128,32.902718045183036,10.120462830876312,0.008542980869102369
GBP_USD,2014-09-29 21:00:00,1.59519,28.633154754799648,-6.886986844190909,0.007760384695281878
GBP_USD,2014-09-30 21:00:00,1.59544,28.7816971837578,-11.5904711033918,0.009154307756225484
GBP_USD,2014-10-01 21:00:00,1.60259,32.912952098211335,-8.228237713595218,0.010811446204980412
GBP_USD,2014-10-02 21:00:00,1.6032,33.25466262362377,8.243790734542666,0.011767156963984329
GBP_USD,2014-10-05 21:00:00,1.61047,37.19848740203499,17.06887440549569,0.01330572557118747
GBP_USD,2014-10-06 21:00:00,1.60089,34.425598125038846,16.070694615700592,0.011266580456949966
GBP_USD,2014-10-07 21:00:00,1.60509,36.57001346409464,17.180435676119796,0.011367264365559985
GBP_USD,2014-10-08 21:00:00,1.58974,32.54604033710852,5.008513886442067,0.010065811492448007
GBP_USD,2014-10-09 21:00:00,1.58746,32.0049168571974,0.3893975630852656,0.011498649193958422
GBP_USD,2014-10-12 21:00:00,1.59414,35.266955674172905,-3.1090402461975497,0.013644919355166731
GBP_USD,2014-10-13 21:00:00,1.60294,39.23944564590304,8.56070957936516,0.014603935484133388
GBP_USD,2014-10-14 21:00:00,1.60799,41.37519437313731,21.591093319209065,0.014695148387306727
GBP_USD,2014-10-15 21:00:00,1.611,42.618838541102605,33.065783757414174,0.013852118709845391
GBP_USD,2014-10-16 21:00:00,1.60114,39.760582462221016,33.056571231869725,0.011501694967876312
GBP_USD,2014-10-19 21:00:00,1.59948,39.301528858837315,28.661731491268885,0.01018135597430103
GBP_USD,2014-10-20 21:00:00,1.60155,40.19227401044424,24.873773945608946,0.010225084779440818
GBP_USD,2014-10-21 21:00:00,1.60806,42.9175603596212,32.07882547671813,0.01081806782355266
GBP_USD,2014-10-22 21:00:00,1.60888,43.25449251166649,42.704464666028485,0.010694454258842127
GBP_USD,2014-10-23 21:00:00,1.60028,40.65121021597849,42.50837683748974,0.0100195634070737
GBP_USD,2014-10-26 21:00:00,1.59502,39.1599854247831,31.915900545415187,0.008737650725658984
GBP_USD,2014-10-27 21:00:00,1.59423,38.938059243006016,18.18327039123456,0.008222120580527176
GBP_USD,2014-10-28 21:00:00,1.59266,38.489618111433025,11.011166253102,0.00829769646442173
GBP_USD,2014-10-29 21:00:00,1.59656,40.25769570013921,12.603391232423624,0.008438157171537407
GBP_USD,2014-10-30 21:00:00,1.5869,37.49601309600263,5.02481389578172,0.007878525737229945
GBP_USD,2014-11-02 22:00:00,1.58242,36.301279893042526,-6.797982746749248,0.008978820589783946
GBP_USD,2014-11-03 22:00:00,1.57904,35.420430578818895,-16.61862110755433,0.00843905647182717
GBP_USD,2014-11-04 22:00:00,1.58408,37.750416134175865,-11.747101868504586,0.009301245177461743
GBP_USD,2014-11-05 22:00:00,1.58352,37.59450997974293,-1.530850368710779,0.009520996141969388
GBP_USD,2014-11-06 22:00:00,1.5776,35.9699409223486,-2.8750116680667976,0.009728796913575491
GBP_USD,2014-11-09 22:00:00,1.56942,33.877378605735885,-10.906374056983038,0.007883037530860428
GBP_USD,2014-11-10 22:00:00,1.55934,31.53848739747953,-19.707427661347484,0.006642430024688323
GBP_USD,2014-11-11 22:00:00,1.56199,32.800246659209904,-19.210849671988754,0.008165944019750692
GBP_USD,2014-11-12 22:00:00,1.56304,33.30409042885158,-13.07657788185715,0.00771475521580057
GBP_USD,2014-11-13 22:00:00,1.559,32.33899543784837,-7.573292137901777,0.00798580417264044
GBP_USD,2014-11-16 22:00:00,1.56322,34.39334673757662,-3.2836006788485204,0.00932664333811237
GBP_USD,2014-11-17 22:00:00,1.56264,34.24551124142691,-3.0005455537369095,0.009097314670489867
GBP_USD,2014-11-18 22:00:00,1.56288,34.366275339139094,-0.648602776262157,0.009043851736391873
GBP_USD,2014-11-19 22:00:00,1.56488,35.38923690407745,0.39562351769179466,0.009375081389113485
GBP_USD,2014-11-20 22:00:00,1.56794,36.944730892076656,4.609777668990314,0.010648065111290761
GBP_USD,2014-11-23 22:00:00,1.57168,38.807400388666174,11.93246672855087,0.011450452089032632
GBP_USD,2014-11-24 22:00:00,1.56144,35.81111056214526,9.376587398192829,0.00963836167122613
GBP_USD,2014-11-25 22:00:00,1.55856,35.02432774886094,1.5114413354676477,0.010704689336980934
GBP_USD,2014-11-26 22:00:00,1.5632,37.31951525498991,-5.634777743118466,0.011721751469584742
GBP_USD,2014-11-27 22:00:00,1.56194,36.95283211640695,-5.290690614114751,0.011129401175667814
GBP_USD,2014-11-30 22:00:00,1.56428,38.120898470312525,-0.17909699939286253,0.011027520940534222
GBP_USD,2014-12-01 22:00:00,1.55683,35.92857041782392,-6.997297710122271,0.009874016752427385
GBP_USD,2014-12-02 22:00:00,1.55414,35.17300656889191,-8.778989379337405,0.010113213401941936
GBP_USD,2014-12-03 22:00:00,1.56264,39.34270076475196,-5.134798743797763,0.011610570721553517
GBP_USD,2014-12-04 22:00:00,1.56476,40.332901930379776,11.431874059285391,0.011136456577242798
GBP_USD,2014-12-07 22:00:00,1.56525,40.56489067011084,24.749412343845716,0.011097165261794273
GBP_USD,2014-12-08 22:00:00,1.5695,42.568434068757995,35.997349237905695,0.010759732209435402
GBP_USD,2014-12-09 22:00:00,1.56016,39.538345109374234,29.90059642147105,0.00964778576754834
GBP_USD,2014-12-10 22:00:00,1.561,39.93611944452298,24.26772697150407,0.011414228614038683
GBP_USD,2014-12-11 22:00:00,1.554,37.79270236744853,3.7243207422133575,0.012035382891230965
GBP_USD,2014-12-14 22:00:00,1.55495,38.25793566668229,-3.1809145129224086,0.012376306312984746
GBP_USD,2014-12-15 22:00:00,1.56058,40.964693040925944,-3.737574552683661,0.012555045050387776
GBP_USD,2014-12-16 22:00:00,1.55733,39.91960555597963,0.6759443339963322,0.011234036040310202
GBP_USD,2014-12-17 22:00:00,1.54864,37.2882778393354,-7.687210072895699,0.009693228832248124
GBP_USD,2014-12-18 22:00:00,1.55044,38.16169607248831,-13.500687030283084,0.009250583065798486
GBP_USD,2014-12-21 22:00:00,1.55372,39.743675242976224,-11.154414707961779,0.008716466452638795
GBP_USD,2014-12-22 22:00:00,1.55075,38.81356884625855,-1.002617082267401,0.007953173162111016
GBP_USD,2014-12-23 22:00:00,1.55012,38.61526507062947,-1.2663661849391497,0.007686538529688784
GBP_USD,2014-12-25 22:00:00,1.55498,41.02002095633325,0.626525912747638,0.008527230823751019
GBP_USD,2014-12-28 22:00:00,1.53272,34.59797461892434,-21.290801186943288,0.0075717846590008
GBP_USD,2014-12-29 22:00:00,1.51632,30.909767967487724,-29.13582979834378,0.006511427727200639
GBP_USD,2014-12-30 22:00:00,1.51417,30.46926942001457,-40.110994043685544,0.007425142181760552
GBP_USD,2015-01-01 22:00:00,1.50549,28.757652059825077,-21.631948482816668,0.006222113745408424
GBP_USD,2015-01-04 22:00:00,1.50343,28.36643289643264,-15.627067473777986,0.006233690996326752
GBP_USD,2015-01-05 22:00:00,1.50774,30.415299869270456,-9.179896898975164,0.007848952797061411
GBP_USD,2015-01-06 22:00:00,1.50989,31.427420131432,-3.6402860451854386,0.008609162237649117
GBP_USD,2015-01-07 22:00:00,1.50775,30.963685450313534,-0.3144654088050814,0.008751329790119293
GBP_USD,2015-01-08 22:00:00,1.51456,34.16180965064551,2.9350104821801595,0.010843063832095469
GBP_USD,2015-01-11 22:00:00,1.51498,34.35582645503895,5.500321804816793,0.01110645106567641
GBP_USD,2015-01-12 22:00:00,1.5075,32.58662839554543,5.282811842312255,0.010587160852541133
GBP_USD,2015-01-13 22:00:00,1.51084,34.15294846614226,3.6904820057705283,0.010555728682032896
GBP_USD,2015-01-14 22:00:00,1.50574,32.94386581140006,-1.145385533786474,0.010268582945626322
GBP_USD,2015-01-15 22:00:00,1.50758,33.818318841174985,-1.1723081939469424,0.010666866356501045
GBP_USD,2015-01-18 22:00:00,1.49726,31.4395134110505,-9.519525393846232,0.01127749308520087
GBP_USD,2015-01-19 22:00:00,1.49512,30.972170265039992,-11.110100687747327,0.010295994468160694
GBP_USD,2015-01-20 22:00:00,1.49876,32.73163987339997,-11.714504943551882,0.011280795574528556
GBP_USD,2015-01-21 22:00:00,1.50599,36.07943099419162,-1.9105490775715765,0.013746636459622829
GBP_USD,2015-01-22 22:00:00,1.51316,39.18446362989703,7.965183117096452,0.014183309167698263
GBP_USD,2015-01-25 22:00:00,1.50187,36.31126924050703,9.691082783149511,0.011966647334158588
GBP_USD,2015-01-26 22:00:00,1.49894,35.610260885824246,4.670352796848824,0.011131317867326865
GBP_USD,2015-01-27 22:00:00,1.5006,36.330664373831425,-2.5803314764026655,0.011173054293861517
GBP_USD,2015-01-28 22:00:00,1.49886,35.8951927624566,-5.929660592201871,0.012782443435089217
GBP_USD,2015-01-29 22:00:00,1.5139,42.10075652693308,12.91112776120619,0.015475954748071351
GBP_USD,2015-02-01 22:00:00,1.5167,43.16043674731476,29.199139623855572,0.0164707637984571
GBP_USD,2015-02-02 22:00:00,1.52112,44.80992939226378,51.66485843182935,0.0168806110387657
GBP_USD,2015-02-03 22:00:00,1.5201,44.501627137446775,53.7320650026812,0.01462848883101255
GBP_USD,2015-02-04 22:00:00,1.51966,44.365412828937586,56.22678396871944,0.013198791064810029
GBP_USD,2015-02-05 22:00:00,1.52192,45.255769898340404,57.008797653958844,0.01261903285184802
GBP_USD,2015-02-08 22:00:00,1.52097,44.94300366588207,54.83341076043073,0.01401522628147843
GBP_USD,2015-02-09 22:00:00,1.53714,50.91604011621978,65.92354449713854,0.015462181025182743
GBP_USD,2015-02-10 22:00:00,1.53396,49.81653680910236,71.09600384089936,0.013749744820146221
GBP_USD,2015-02-11 22:00:00,1.53163,49.01427419586131,78.41336302322956,0.012263795856116998
GBP_USD,2015-02-12 22:00:00,1.53419,49.93075083879605,72.71399842233653,0.013085036684893598
GBP_USD,2015-02-15 22:00:00,1.54044,52.10508127219336,75.16708997452193,0.01294002934791491
GBP_USD,2015-02-16 22:00:00,1.53436,49.923331960186516,75.06510207225033,0.010944023478331942
GBP_USD,2015-02-17 22:00:00,1.53326,49.53513646036961,73.664281408627,0.011379218782665559
GBP_USD,2015-02-18 22:00:00,1.54024,51.98590166254553,73.13272774509534,0.01193937502613242
GBP_USD,2015-02-19 22:00:00,1.54471,53.48249688581414,76.72980100254192,0.01227550002090593
GBP_USD,2015-02-22 22:00:00,1.53946,51.5309509804036,77.64235654874462,0.011926400016724731
GBP_USD,2015-02-23 22:00:00,1.53844,51.155782834372104,72.5753999335739,0.01082512001337976
GBP_USD,2015-02-24 22:00:00,1.53516,49.946141355091406,65.6019335031682,0.009564096010703824
GBP_USD,2015-02-25 22:00:00,1.53448,49.69412697261658,57.94490199705397,0.00857327680856306
GBP_USD,2015-02-26 22:00:00,1.52524,46.40292130243226,42.10918742238582,0.007402621446850414
GBP_USD,2015-03-01 22:00:00,1.52154,45.16385659601566,22.04003201395201,0.0062660971574803655
GBP_USD,2015-03-02 22:00:00,1.50322,39.729933316418574,-11.221271366210091,0.005832877725984335
GBP_USD,2015-03-03 22:00:00,1.50331,39.766763084341775,-18.12802035915097,0.0067703021807874846
GBP_USD,2015-03-04 22:00:00,1.50286,39.64146619750129,-18.950967828805513,0.007372241744630013
GBP_USD,2015-03-05 22:00:00,1.48932,36.10093893067685,-10.524607193870976,0.007255793395703981
GBP_USD,2015-03-08 21:00:00,1.48502,35.07185678962351,-14.67694425538586,0.008488634716563182
GBP_USD,2015-03-09 21:00:00,1.46994,31.78480025714724,-23.182329282745116,0.007722907773250523
GBP_USD,2015-03-10 21:00:00,1.47332,33.235680139707895,-14.312447676395687,0.009266326218600398
GBP_USD,2015-03-11 21:00:00,1.47244,33.04637458656478,-10.737944739854356,0.00965706097488032
GBP_USD,2015-03-12 21:00:00,1.46354,31.187823745932093,-6.166723590927188,0.01661964877990426
GBP_USD,2015-03-15 21:00:00,1.46887,33.50469584921636,-7.974307416013737,0.02078971902392339
GBP_USD,2015-03-16 21:00:00,1.47222,34.929200158008925,-8.031281032770579,0.022639775219138725
GBP_USD,2015-03-17 21:00:00,1.48388,39.58898558675448,0.3848063555114605,0.023469820175310956
GBP_USD,2015-03-18 21:00:00,1.4843,39.74975838236943,6.769281694803111,0.021683856140248765
GBP_USD,2015-03-19 21:00:00,1.48312,39.44465949748015,11.279377689506816,0.01957508491219904
GBP_USD,2015-03-22 21:00:00,1.48071,38.81520220095042,10.295724869732082,0.018918067929759218
GBP_USD,2015-03-23 21:00:00,1.47968,38.543264143431735,8.756184332655907,0.017428454343807395
GBP_USD,2015-03-24 21:00:00,1.47527,37.38323308189491,5.566108960735655,0.016030763475045874
GBP_USD,2015-03-25 21:00:00,1.47558,37.51997720401019,3.222921702006719,0.015204610780036706
GBP_USD,2015-03-26 21:00:00,1.47395,37.07952242476897,0.31654970688993683,0.014477688624029381
GBP_USD,2015-03-29 21:00:00,1.47766,38.77190699126329,1.9636451949308673,0.014160150899223475
GBP_USD,2015-03-30 21:00:00,1.48107,40.29874935390902,6.527606465425332,0.014708120719378808
GBP_USD,2015-03-31 21:00:00,1.48706,42.88681648197386,16.7649330811945,0.015184496575503014
GBP_USD,2015-04-01 21:00:00,1.48033,40.82960569832149,19.27539663746161,0.01314759726040239
GBP_USD,2015-04-02 21:00:00,1.48074,41.00794233703523,19.014918304522812,0.013902077808321922
GBP_USD,2015-04-05 21:00:00,1.46844,37.50029952938476,4.317625700528744,0.012701662246657542
GBP_USD,2015-04-06 21:00:00,1.45872,35.0494692375966,-9.22437371858213,0.010969329797326044
GBP_USD,2015-04-07 21:00:00,1.45662,34.544879433506054,-17.394023831262217,0.01065546383786085
GBP_USD,2015-04-08 21:00:00,1.46039,36.24934024682377,-13.558815731487732,0.013238371070288656
GBP_USD,2015-04-09 21:00:00,1.4701,40.38549226703041,2.322345751924558,0.015580696856230931
GBP_USD,2015-04-12 21:00:00,1.48124,44.64771900203401,22.773757354445937,0.01784055748498475
GBP_USD,2015-04-13 21:00:00,1.49164,48.22286674115892,46.60596792195998,0.01909644598798783
GBP_USD,2015-04-14 21:00:00,1.48882,47.36473763484562,60.37217749070644,0.016629156790390242
GBP_USD,2015-04-15 21:00:00,1.48564,46.401501186399436,61.41732283464574,0.015003325432312184
GBP_USD,2015-04-16 21:00:00,1.49133,48.34592427717514,59.890742047945274,0.016470660345849753
GBP_USD,2015-04-19 21:00:00,1.49596,49.876557091133385,63.91081846210263,0.016318528276679782
GBP_USD,2015-04-20 21:00:00,1.50276,52.03595846624908,69.68240898362642,0.017626822621343845
GBP_USD,2015-04-21 21:00:00,1.51068,54.40280516937461,73.72739624709075,0.018785458097075075
GBP_USD,2015-04-22 21:00:00,1.51734,56.27957510707856,74.62972146059893,0.019756366477660037
GBP_USD,2015-04-23 21:00:00,1.53279,60.209875314696326,77.58559901354762,0.022313093182128034
GBP_USD,2015-04-26 21:00:00,1.53042,59.36303684334457,78.26208846622721,0.02113647454570242
GBP_USD,2015-04-27 21:00:00,1.51144,53.16786711666265,71.49752945648044,0.01877517963656195
GBP_USD,2015-04-28 21:00:00,1.50902,52.44594322602338,62.46294184720636,0.01623014370924958
GBP_USD,2015-04-29 21:00:00,1.50892,52.41551967085865,54.29114405169139,0.015552114967399657
GBP_USD,2015-04-30 21:00:00,1.51502,54.095881493326274,55.65184340554928,0.016493691973919717
GBP_USD,2015-05-03 21:00:00,1.5164,54.47214076731479,58.456860509312094,0.01569695357913578
GBP_USD,2015-05-04 21:00:00,1.52474,56.69145780560035,63.83126986561101,0.019737562863308633
GBP_USD,2015-05-05 21:00:00,1.53932,60.20009811987769,69.2533494752619,0.02310205029064689
GBP_USD,2015-05-06 21:00:00,1.55574,63.63264072533769,76.49150701737418,0.02483564023251753
GBP_USD,2015-05-07 21:00:00,1.56337,65.08034072585312,81.81628786612806,0.024108512186014047
GBP_USD,2015-05-10 21:00:00,1.57285,66.78004327645547,86.47228824344626,0.022912809748811235
GBP_USD,2015-05-11 21:00:00,1.57017,65.84278170124568,87.80503845481826,0.019936247799048984
GBP_USD,2015-05-12 21:00:00,1.56383,63.6563614160525,86.19513804861965,0.016824998239239154
GBP_USD,2015-05-13 21:00:00,1.5447,57.67796915684053,75.52802450314856,0.014085998591391294
GBP_USD,2015-05-14 21:00:00,1.54725,58.2190588752078,64.98905160029926,0.014080798873113028
GBP_USD,2015-05-17 21:00:00,1.55255,59.33685523491187,58.70849983487948,0.015810639098490408
GBP_USD,2015-05-18 21:00:00,1.54604,57.386027112621356,55.46632347517643,0.015934511278792318
GBP_USD,2015-05-19 21:00:00,1.54569,57.2812859106377,52.910069864009536,0.013693609023033834
GBP_USD,2015-05-20 21:00:00,1.53543,54.277075105623005,43.477842003853716,0.01132488721842705
GBP_USD,2015-05-21 21:00:00,1.53018,52.81093096941151,35.8381502890175,0.010721909774741604
GBP_USD,2015-05-24 21:00:00,1.52608,51.683068025448854,26.392100192678416,0.010253527819793249
GBP_USD,2015-05-25 21:00:00,1.52367,51.02049520458977,20.727360308285352,0.009832822255834577
GBP_USD,2015-05-26 21:00:00,1.51706,49.2298023672916,14.407514450867223,0.009220257804667651
GBP_USD,2015-05-27 21:00:00,1.51799,49.487836491088395,7.722445828616664,0.011308206243734124
GBP_USD,2015-05-28 21:00:00,1.52514,51.4502982622935,5.100855989423509,0.012948564994987328
GBP_USD,2015-05-31 21:00:00,1.53042,52.84969506842553,8.518562630883117,0.014156851995989875
GBP_USD,2015-06-01 21:00:00,1.51906,49.66359003923775,8.133246809431084,0.012641481596791907
GBP_USD,2015-06-02 21:00:00,1.52214,50.500566933678954,6.510923642656319,0.01358118527743351
GBP_USD,2015-06-03 21:00:00,1.52576,51.48145646010633,3.9909149902661554,0.01422094822194681
GBP_USD,2015-06-04 21:00:00,1.5369,54.360577292833824,13.638330088687027,0.01730475857755743
GBP_USD,2015-06-07 21:00:00,1.54218,55.650930591441224,24.598088179086655,0.017145806862045948
GBP_USD,2015-06-08 21:00:00,1.5467,56.73421100527255,37.76639049793594,0.017234645489636758
GBP_USD,2015-06-09 21:00:00,1.54878,57.23152230684993,47.78543369756644,0.016729716391709407
GBP_USD,2015-06-10 21:00:00,1.55424,58.526050924237424,58.457833703530525,0.016711773113367523
GBP_USD,2015-06-11 21:00:00,1.5626,60.42346668907351,64.06760808241675,0.01946341849069402
GBP_USD,2015-06-14 21:00:00,1.58061,64.08523480004212,72.52039767942658,0.021650734792555214
GBP_USD,2015-06-15 21:00:00,1.58357,64.64145748687255,78.69091338931185,0.019134587834044155
GBP_USD,2015-06-16 21:00:00,1.58057,63.608590866725784,84.39066630206914,0.016791670267235322
GBP_USD,2015-06-17 21:00:00,1.57091,60.39413831174064,79.96992070002737,0.013951336213788232
GBP_USD,2015-06-18 21:00:00,1.56674,59.061303106594245,72.29969920700034,0.013035068971030562
GBP_USD,2015-06-21 21:00:00,1.56768,59.270908015621025,66.4251207729469,0.012484055176824462
GBP_USD,2015-06-22 21:00:00,1.57085,59.98563152505402,66.39777595478996,0.01179524414145956
GBP_USD,2015-06-23 21:00:00,1.5666,58.56038436975324,66.33397137909039,0.011380195313167682
GBP_USD,2015-06-24 21:00:00,1.56928,59.192866352679864,66.10936223890693,0.011298156250534132
GBP_USD,2015-06-25 21:00:00,1.55886,55.7692623754022,59.272153442470916,0.009868525000427326
GBP_USD,2015-06-28 21:00:00,1.5565,55.02361954229436,53.20140852055744,0.008918820000341863
GBP_USD,2015-06-29 21:00:00,1.55597,54.853236906870045,46.60020830233599,0.008717056000273508
GBP_USD,2015-06-30 21:00:00,1.55326,53.969263208852446,40.76770539385681,0.008537644800218794
GBP_USD,2015-07-01 21:00:00,1.54138,50.29372223831041,27.263508536524764,0.008356115840175041
GBP_USD,2015-07-02 21:00:00,1.53306,47.92887985302578,2.9729814560563974,0.007752892672140058
GBP_USD,2015-07-05 21:00:00,1.53441,48.33663999195121,-8.537695744601885,0.007998314137712044
GBP_USD,2015-07-06 21:00:00,1.53645,48.96141852559167,-10.012817058077287,0.010542651310169605
GBP_USD,2015-07-07 21:00:00,1.54814,52.3755557520336,6.3999063999066275,0.012924121048135655
GBP_USD,2015-07-08 21:00:00,1.5451,51.44969115305449,12.6535626535628,0.013491296838508523
GBP_USD,2015-07-09 21:00:00,1.55772,54.875332395481045,25.096525096525173,0.01528903747080683
GBP_USD,2015-07-12 21:00:00,1.55604,54.34725126575858,30.146273133357102,0.013695229976645462
GBP_USD,2015-07-13 21:00:00,1.55538,54.135530336609925,36.57420464769944,0.013204183981316352
GBP_USD,2015-07-14 21:00:00,1.55382,53.624725256927334,36.466313364585424,0.012045347185053066
GBP_USD,2015-07-15 21:00:00,1.55293,53.327753760178545,37.061709947141146,0.01068827774804246
GBP_USD,2015-07-16 21:00:00,1.55508,53.964858563853134,40.13160793062834,0.01092462219843398
GBP_USD,2015-07-19 21:00:00,1.55015,52.27225546249472,38.52400749825055,0.0111416977587472
GBP_USD,2015-07-20 21:00:00,1.54672,51.11829505827853,34.10256410256414,0.009413358206997794
GBP_USD,2015-07-21 21:00:00,1.54905,51.86502823443421,29.74619844655957,0.010098686565598229
GBP_USD,2015-07-22 21:00:00,1.55281,53.062040197893964,33.72752675026164,0.010830949252478583
GBP_USD,2015-07-23 21:00:00,1.5588,54.90994980203908,48.43767341917112,0.011902759401982852
GBP_USD,2015-07-26 21:00:00,1.55626,53.97776595981169,58.441246796367665,0.010690207521586295
GBP_USD,2015-07-27 21:00:00,1.55492,53.48225352084206,62.5833838690117,0.01086416601726904
GBP_USD,2015-07-28 21:00:00,1.55656,54.016697416995534,60.31938548615339,0.010611332813815199
GBP_USD,2015-07-29 21:00:00,1.55582,53.72855991762009,59.87467151809194,0.00986506625105216
GBP_USD,2015-07-30 21:00:00,1.55264,52.48399572024915,57.57024459268254,0.009782053000841721
GBP_USD,2015-08-02 21:00:00,1.54676,50.25718292894508,46.18316795393816,0.010045642400673354
GBP_USD,2015-08-03 21:00:00,1.5425,48.70831132073899,16.393912337325244,0.009628513920538722
GBP_USD,2015-08-04 21:00:00,1.54585,49.96280562202605,-4.731461229609962,0.01133481113643097
GBP_USD,2015-08-05 21:00:00,1.55554,53.37506591801,-3.2381417416513902,0.012237848909144804
GBP_USD,2015-08-06 21:00:00,1.55344,52.57132350286181,13.90002687453972,0.011886279127315854
GBP_USD,2015-08-09 21:00:00,1.55734,53.90485183623753,32.09814722083131,0.011557023301852688
GBP_USD,2015-08-10 21:00:00,1.55888,54.42825491365839,37.67317643131389,0.010985618641482182
GBP_USD,2015-08-11 21:00:00,1.5579,54.02442376754508,45.11767651477262,0.010772494913185732
GBP_USD,2015-08-12 21:00:00,1.55624,53.33106040515797,41.83890791380315,0.011381995930548575
GBP_USD,2015-08-13 21:00:00,1.56354,55.9055587610855,46.713871306445846,0.01187359674443883
GBP_USD,2015-08-16 21:00:00,1.56063,54.66206361393862,48.94961069487306,0.010830877395551088
GBP_USD,2015-08-17 21:00:00,1.56582,56.449299487082925,62.36729709625248,0.011006701916440893
GBP_USD,2015-08-18 21:00:00,1.56306,55.251108358411976,55.9781249503264,0.011713361533152713
GBP_USD,2015-08-19 21:00:00,1.56814,56.989393417876556,58.32801591000881,0.013134689226522183
GBP_USD,2015-08-20 21:00:00,1.54531,48.271782080513745,30.54355826253757,0.011285751381217738
GBP_USD,2015-08-23 21:00:00,1.53702,45.648746392167915,7.098852760493503,0.01014460110497422
GBP_USD,2015-08-24 21:00:00,1.53356,44.60230950701527,-18.005450546549614,0.009575680883979348
GBP_USD,2015-08-25 21:00:00,1.53917,46.653473345575186,-14.38754275370156,0.008822544707183452
GBP_USD,2015-08-26 21:00:00,1.53394,45.044987487452936,-10.127778847044667,0.007968035765746773
GBP_USD,2015-08-27 21:00:00,1.53,43.86634391169303,-7.404215551836835,0.0077544286125974
GBP_USD,2015-08-28 21:00:00,1.52644,42.81909353569744,-9.769702473720708,0.00672554289007792
GBP_USD,2015-08-30 21:00:00,1.52196,41.52842184025573,-10.493017686042881,0.006362434312062331
GBP_USD,2015-08-31 21:00:00,1.51646,39.9972756428024,-12.958210725868854,0.006231947449649886
GBP_USD,2015-09-01 21:00:00,1.51715,40.2830206970555,-10.837190433548933,0.0074695579597199285
GBP_USD,2015-09-02 21:00:00,1.52704,44.22163954576126,-1.1030829255834051,0.01080164636777594
GBP_USD,2015-09-03 21:00:00,1.53498,47.11830890908158,13.242651657285881,0.01132331709422078
GBP_USD,2015-09-06 21:00:00,1.53386,46.76393235383565,21.9512195121952,0.011588653675376634
GBP_USD,2015-09-07 21:00:00,1.54,48.941717802983106,28.705440900562973,0.011742922940301295
GBP_USD,2015-09-08 21:00:00,1.53731,48.0508417418194,29.91974150510745,0.010822338352241022
GBP_USD,2015-09-09 21:00:00,1.533,46.643569548751586,29.471544715447198,0.010343870681792806
GBP_USD,2015-09-10 21:00:00,1.53302,46.65106985166117,25.83385449239113,0.012243096545434262
GBP_USD,2015-09-13 21:00:00,1.54864,52.09201369115757,31.738586616635484,0.015762477236347383
GBP_USD,2015-09-14 21:00:00,1.55146,52.98748838661115,41.35918282259761,0.016057981789077892
GBP_USD,2015-09-15 21:00:00,1.54808,51.78727272298738,52.069118000080714,0.013920385431262288
GBP_USD,2015-09-16 21:00:00,1.53408,47.20569609874095,47.29069361995581,0.01210030834500984
GBP_USD,2015-09-17 21:00:00,1.52211,43.77993994163241,32.72316783627432,0.010238246676007843
GBP_USD,2015-09-20 21:00:00,1.52008,43.22955323945355,15.644981929385928,0.009556597340806253
GBP_USD,2015-09-21 21:00:00,1.51358,41.50134711272529,1.39699749791513,0.008849277872644987
GBP_USD,2015-09-22 21:00:00,1.51574,42.29438965128235,-3.0303030303028198,0.009191422298116014
GBP_USD,2015-09-23 21:00:00,1.51292,41.533936735936784,-7.694671707735952,0.008313137838492794
GBP_USD,2015-09-24 21:00:00,1.51078,40.95584943820562,-7.599706181237302,0.008344510270794232
GBP_USD,2015-09-27 21:00:00,1.51074,40.94483001463703,-7.528893991220002,0.00813360821663539
GBP_USD,2015-09-28 21:00:00,1.51286,41.80332982202277,-4.472998052948101,0.00911088657330832
GBP_USD,2015-09-29 21:00:00,1.51373,42.160286131204195,-1.1100599180070712,0.009608709258646623
GBP_USD,2015-09-30 21:00:00,1.51403,42.286561641936274,0.9649952696309138,0.0098089674069173
GBP_USD,2015-10-01 21:00:00,1.52212,45.59973770685672,6.805424156417324,0.011835173925533855
GBP_USD,2015-10-04 21:00:00,1.52615,47.162837950932655,14.63891516871623,0.012490139140427122
GBP_USD,2015-10-05 21:00:00,1.53002,48.629167599493286,24.724061810154257,0.01243411131234171
GBP_USD,2015-10-06 21:00:00,1.53136,49.13479433295271,30.551876379690782,0.011407289049873384
GBP_USD,2015-10-07 21:00:00,1.52005,45.24633224918573,26.704509618416733,0.010605831239898679
GBP_USD,2015-10-08 21:00:00,1.52486,47.08856293209596,23.45001576789649,0.014370664991918958
GBP_USD,2015-10-11 21:00:00,1.5415,52.774930196407276,29.845474613686502,0.016700531993535155
GBP_USD,2015-10-12 21:00:00,1.54306,53.26206527006904,48.27173053744784,0.014792425594828091
GBP_USD,2015-10-13 21:00:00,1.54278,53.1602482267598,65.6828641831651,0.013163940475862439
GBP_USD,2015-10-14 21:00:00,1.54354,53.41032363715906,74.59560418533952,0.012103152380689947
GBP_USD,2015-10-15 21:00:00,1.54126,52.539782718723856,76.6030174906844,0.01052652190455198
GBP_USD,2015-10-18 21:00:00,1.53694,50.91323492662459,72.63269195524849,0.01040121752364159
GBP_USD,2015-10-19 21:00:00,1.53064,48.641460421718435,61.15817368170682,0.009316974018913269
GBP_USD,2015-10-20 21:00:00,1.53056,48.612966033095915,51.621645248710216,0.00895757921513061
GBP_USD,2015-10-21 21:00:00,1.5283,47.79473767232107,44.068537459567814,0.008234063372104512
GBP_USD,2015-10-22 21:00:00,1.52489,46.5712228162315,39.041874289710385,0.0078872506976836
GBP_USD,2015-10-25 21:00:00,1.52424,46.33731632366607,33.41774899563999,0.007767800558146884
GBP_USD,2015-10-26 21:00:00,1.53076,48.99553280582879,34.80245099117409,0.010722240446517508
GBP_USD,2015-10-27 21:00:00,1.54036,52.57387978678984,47.92091802676552,0.012411792357214034
GBP_USD,2015-10-28 21:00:00,1.536,50.89624100706692,53.33683568953538,0.010765433885771242
GBP_USD,2015-10-29 21:00:00,1.53612,50.94081348565172,52.801538001883195,0.010324347108616976
GBP_USD,2015-11-01 22:00:00,1.52054,45.405184731823816,23.691622132817855,0.009069477686893604
GBP_USD,2015-11-02 22:00:00,1.50272,40.232229882491445,-11.275617107014464,0.007535582149514897
GBP_USD,2015-11-03 22:00:00,1.50403,40.74561185189734,-26.37479497288123,0.0080524657196119
GBP_USD,2015-11-04 22:00:00,1.50919,42.749415426349074,-17.903996620587236,0.008545972575689537
GBP_USD,2015-11-05 22:00:00,1.5117,43.707345123041186,6.6172731895109544,0.009414778060551644
GBP_USD,2015-11-08 22:00:00,1.51742,45.84358105069532,16.343429941163468,0.010125822448441301
GBP_USD,2015-11-09 22:00:00,1.51878,46.34439762680507,23.309362969419436,0.009948657958753025
GBP_USD,2015-11-10 22:00:00,1.51816,46.143158643967816,28.001743299193468,0.008898926367002406
GBP_USD,2015-11-11 22:00:00,1.51543,45.24818499264765,26.5562577177306,0.008263141093601914
GBP_USD,2015-11-12 22:00:00,1.51881,46.57534106314854,26.57804895765213,0.008506512874881519
GBP_USD,2015-11-15 22:00:00,1.52277,48.10006778104784,30.27673053071098,0.009759210299905206
GBP_USD,2015-11-16 22:00:00,1.5183,46.54877385539206,32.62209608307074,0.009447368239924162
GBP_USD,2015-11-17 22:00:00,1.51091,44.11545331628783,26.996566651738807,0.007829894591939335
GBP_USD,2015-11-18 22:00:00,1.50536,42.39372563255944,14.002089864158606,0.007201915673551485
GBP_USD,2015-11-19 22:00:00,1.50562,42.50247493732456,4.537990744887037,0.007411532538841162
GBP_USD,2015-11-22 22:00:00,1.50661,42.92687307690075,1.3285565009700506,0.0074112260310729575
GBP_USD,2015-11-23 22:00:00,1.50306,41.7828397175709,-0.3881176294971631,0.006808980824858358
GBP_USD,2015-11-24 22:00:00,1.49939,40.6249602541061,-4.021689345921633,0.006211184659886674
GBP_USD,2015-11-25 22:00:00,1.50506,43.14314996509861,-3.786668786080496,0.007610947727909328
GBP_USD,2015-11-26 22:00:00,1.48953,38.51482242950813,-14.886281609831308,0.006728758182327437
GBP_USD,2015-11-29 22:00:00,1.49044,38.91206962503696,-15.052404451722007,0.01065700654586195
GBP_USD,2015-11-30 22:00:00,1.5078,45.82018399973814,-4.988428988429085,0.013579605236689541
GBP_USD,2015-12-01 22:00:00,1.50448,44.81750164913875,16.222222222222253,0.011619684189351612
GBP_USD,2015-12-02 22:00:00,1.49567,42.277814882766144,20.69230769230779,0.00963174735148127
GBP_USD,2015-12-03 22:00:00,1.50046,44.06073597535088,14.418803418803394,0.012403397881185019
GBP_USD,2015-12-06 22:00:00,1.51115,47.7842766870005,20.11965811965807,0.013870718304948033
GBP_USD,2015-12-07 22:00:00,1.51254,48.247648696784694,34.53846153846147,0.013670574643958414
GBP_USD,2015-12-08 22:00:00,1.51076,47.68704319953288,43.341880341880454,0.01307445971516675
GBP_USD,2015-12-09 22:00:00,1.50296,45.30095541396096,36.34188034188051,0.012031567772133397
GBP_USD,2015-12-10 22:00:00,1.49596,43.290009466200466,22.170940170940273,0.011025254217706698
GBP_USD,2015-12-13 22:00:00,1.48653,40.76798556591068,0.9680596951824207,0.009838203374165367
GBP_USD,2015-12-14 22:00:00,1.48858,41.53398845955861,-7.4231222325707025,0.009562562699332321
GBP_USD,2015-12-15 22:00:00,1.48776,41.31291176583779,-10.631086104080543,0.00853005015946585
GBP_USD,2015-12-16 22:00:00,1.48056,39.4076202508958,-10.480109802287302,0.007432040127572666
GBP_USD,2015-12-17 22:00:00,1.48198,39.9724342660793,-9.668790529541285,0.00785363210205811
GBP_USD,2015-12-20 22:00:00,1.48646,41.74472765879586,-4.461123086073514,0.00878290568164648
GBP_USD,2015-12-21 22:00:00,1.48744,42.13136115101053,6.72768143866432,0.008446324545317206
GBP_USD,2015-12-22 22:00:00,1.47856,39.663795840702086,3.9820166987799435,0.00754105963625375
GBP_USD,2015-12-23 22:00:00,1.47935,39.98727321440721,-1.232011740709421,0.007302847709002972
GBP_USD,2015-12-27 22:00:00,1.47324,38.342580975446666,-12.070497652925617,0.00686627816720238
GBP_USD,2015-12-28 22:00:00,1.46633,36.582253753956664,-13.653238007886124,0.007177022533761879
GBP_USD,2015-12-29 22:00:00,1.46384,35.966712226203356,-16.436455347101912,0.006991618027009521
GBP_USD,2015-12-30 22:00:00,1.46024,35.083795227755175,-13.561588379717477,0.006469294421607628
GBP_USD,2016-01-03 22:00:00,1.45333,33.45316619809883,-13.984559108162856,0.005949435537286111
GBP_USD,2016-01-04 22:00:00,1.45064,32.83851379318908,-15.04445641605299,0.006993548429828869
GBP_USD,2016-01-05 22:00:00,1.44943,32.560135792358906,-12.707599902989683,0.007560838743863096
GBP_USD,2016-01-06 22:00:00,1.43521,29.518017567887455,-15.964601441625817,0.007378670995090487
GBP_USD,2016-01-07 22:00:00,1.438,30.829725791817935,-13.176917471886242,0.008384936796072351
GBP_USD,2016-01-10 22:00:00,1.43603,30.416250007690635,-13.887408564875209,0.008011949436857898
GBP_USD,2016-01-11 22:00:00,1.42519,28.25889366652551,-14.195549399571432,0.0077595595494863254
GBP_USD,2016-01-12 22:00:00,1.42372,27.980484991386717,-11.959120915198762,0.007637647639589059
GBP_USD,2016-01-13 22:00:00,1.41294,26.034658229489523,-15.049812535542323,0.008178118111671205
GBP_USD,2016-01-14 22:00:00,1.41254,25.965346371328593,-7.626496248301467,0.00834049448933693
GBP_USD,2016-01-17 22:00:00,1.40792,25.16485735891935,-10.036650955458958,0.009148395591469556
GBP_USD,2016-01-18 22:00:00,1.42049,31.139956383404098,-2.524099441907673,0.012996716473175629
GBP_USD,2016-01-19 22:00:00,1.4224,31.993471988412082,1.6784268539962974,0.012495373178540482
GBP_USD,2016-01-20 22:00:00,1.41738,30.950423785837913,5.708401368235126,0.012860298542832363
GBP_USD,2016-01-21 22:00:00,1.42302,33.4712953378548,7.209155738098034,0.013916238834265855
GBP_USD,2016-01-24 22:00:00,1.42328,33.58692274961241,8.017237887145832,0.014682991067412715
GBP_USD,2016-01-25 22:00:00,1.41496,31.759660734060077,6.9079276571541754,0.015358392853930166
GBP_USD,2016-01-26 22:00:00,1.42286,35.22136092882947,7.583278088966842,0.01818671428314415
GBP_USD,2016-01-27 22:00:00,1.43265,39.17681452669378,14.666908942549291,0.018903371426515336
GBP_USD,2016-01-28 22:00:00,1.4384,41.35262692969718,30.395894624040967,0.02158269714121227
GBP_USD,2016-01-31 22:00:00,1.45298,46.38371523109311,50.46488336907837,0.022960157712969817
GBP_USD,2016-02-01 22:00:00,1.44524,44.29685683750265,58.94086391420819,0.019632126170375876
GBP_USD,2016-02-02 22:00:00,1.4351,41.75110716492206,56.21706031622111,0.017597700936300708
GBP_USD,2016-02-03 22:00:00,1.43785,42.675383720827774,46.37256815667924,0.01738216074904054
GBP_USD,2016-02-04 22:00:00,1.44431,44.80375258075848,45.76745396577541,0.017909728599232417
GBP_USD,2016-02-07 22:00:00,1.4383,43.25800891166857,47.849567310820554,0.016751782879385918
GBP_USD,2016-02-08 22:00:00,1.44433,45.21962573813479,52.06584683453701,0.01715742630350874
GBP_USD,2016-02-09 22:00:00,1.44136,44.436889124919716,50.14639859457344,0.015575941042807033
GBP_USD,2016-02-10 22:00:00,1.42762,41.0373392290288,43.19734530548499,0.014512752834245616
GBP_USD,2016-02-11 22:00:00,1.42354,40.09509029464522,27.67231702134185,0.012876202267396528
GBP_USD,2016-02-14 22:00:00,1.42574,40.85263391451142,13.708916684489466,0.013480961813917228
GBP_USD,2016-02-15 22:00:00,1.4247,40.60154835388029,6.866166409292948,0.01380476945113376
GBP_USD,2016-02-16 22:00:00,1.40577,36.390152346294634,-9.859912444764353,0.012245815560906979
GBP_USD,2016-02-17 22:00:00,1.40082,35.39697350716385,-21.646052199625924,0.0117786524487256
GBP_USD,2016-02-18 22:00:00,1.38784,32.95700577736412,-29.811799517471485,0.009826921958980507
GBP_USD,2016-02-21 22:00:00,1.39001,33.74683442820343,-17.474371898549123,0.010221537567184412
GBP_USD,2016-02-22 22:00:00,1.38539,32.89335481890595,-11.784602988824346,0.011029230053747518
GBP_USD,2016-02-23 22:00:00,1.38358,32.559621693703875,-5.509173014531913,0.010677384042998037
GBP_USD,2016-02-24 22:00:00,1.39043,35.136116926147906,-2.382514669604069,0.012205907234398409
GBP_USD,2016-02-25 22:00:00,1.39144,35.51190496503935,3.238283339505345,0.01354472578751871
GBP_USD,2016-02-28 22:00:00,1.4033,39.751941847417484,12.092198018893022,0.016439780630014958
GBP_USD,2016-02-29 22:00:00,1.41077,42.22693862094791,21.742577640659288,0.017467824504011954
GBP_USD,2016-03-01 22:00:00,1.41341,43.08178763844448,32.19942320203447,0.017504259603209553
GBP_USD,2016-03-02 22:00:00,1.41736,44.35616347209581,38.864972457529014,0.016839407682567614
GBP_USD,2016-03-03 22:00:00,1.41775,44.48312205868086,42.25974925243032,0.014819526146054085
GBP_USD,2016-03-06 22:00:00,1.41185,42.94951554753126,41.67107694318354,0.01464562091684325
GBP_USD,2016-03-07 22:00:00,1.42544,47.28044510362956,46.57195032333556,0.018082496733474604
GBP_USD,2016-03-08 22:00:00,1.42928,48.42489537204352,53.65569446694053,0.01717399738677966
GBP_USD,2016-03-09 22:00:00,1.41388,44.42401343792856,57.645088452989114,0.014019197909423698
GBP_USD,2016-03-10 22:00:00,1.40535,42.41599246332389,49.39892675285302,0.013927358327538962
GBP_USD,2016-03-13 21:00:00,1.42216,47.27460466911775,46.15801932764496,0.020137886662031132
GBP_USD,2016-03-14 21:00:00,1.44106,51.98645484134453,58.061773804764165,0.0219663093296249
GBP_USD,2016-03-15 21:00:00,1.43653,50.85950798429994,72.5805572667898,0.018743047463699904
GBP_USD,2016-03-16 21:00:00,1.41905,46.80900353472385,70.68211853207269,0.0156484379709599
GBP_USD,2016-03-17 21:00:00,1.40814,44.51973815992586,53.949374809392964,0.013260750376767941
GBP_USD,2016-03-20 21:00:00,1.40575,44.03172798166216,38.3043610856967,0.012640600301414343
GBP_USD,2016-03-21 21:00:00,1.41101,45.39450171172803,34.21774931381511,0.012122480241131455
GBP_USD,2016-03-22 21:00:00,1.41206,45.66769297882907,34.29754649976035,0.01316798419290516
GBP_USD,2016-03-23 21:00:00,1.41945,47.57723304011188,38.717822173994556,0.016210387354324098
GBP_USD,2016-03-24 21:00:00,1.4361,51.546318622533946,47.61213732726819,0.01827030988345924
GBP_USD,2016-03-27 21:00:00,1.43265,50.72312007140851,53.85136988526747,0.015924247906767393
GBP_USD,2016-03-28 21:00:00,1.41712,47.212080683297515,43.9973233451171,0.013639398325413905
GBP_USD,2016-03-29 21:00:00,1.4191,47.68964775820761,28.6489645958581,0.013919518660331158
GBP_USD,2016-03-30 21:00:00,1.41218,46.17918420411837,11.556446225784606,0.012899614928264937
GBP_USD,2016-03-31 21:00:00,1.40053,43.765075058511115,-2.2962591850369543,0.011315691942611948
GBP_USD,2016-04-03 21:00:00,1.40486,44.87312477912585,-14.18670674682724,0.012094553554089548
GBP_USD,2016-04-04 21:00:00,1.40406,44.704767338410896,-15.75274298052394,0.011527642843271648
GBP_USD,2016-04-05 21:00:00,1.41072,46.43550218849943,-2.7628041351660477,0.0141541142746173
GBP_USD,2016-04-06 21:00:00,1.41965,48.664261396326005,13.085399449036025,0.01614129141969383
GBP_USD,2016-04-07 21:00:00,1.41931,48.58463889678405,24.140930839495606,0.014565033135755051
GBP_USD,2016-04-10 21:00:00,1.40904,46.22152463674382,22.923010004349962,0.011978026508604045
GBP_USD,2016-04-11 21:00:00,1.41329,47.31847214691931,18.932671728569417,0.012622421206883214
GBP_USD,2016-04-12 21:00:00,1.41314,47.28325855350509,15.213062021718919,0.013263936965506574
GBP_USD,2016-04-13 21:00:00,1.4271,50.80772935924518,30.428430306731013,0.01636314957240524
GBP_USD,2016-04-14 21:00:00,1.43304,52.21400444233892,46.83127572016496,0.015890519657924197
GBP_USD,2016-04-17 21:00:00,1.42996,51.42543684023738,60.67489711934178,0.014920415726339346
GBP_USD,2016-04-18 21:00:00,1.43142,51.78253017334603,64.23045267489725,0.014988332581071486
GBP_USD,2016-04-19 21:00:00,1.44033,53.92109817187365,66.50579615570314,0.016106666064857198
GBP_USD,2016-04-20 21:00:00,1.44794,55.65872699995462,70.56702114839854,0.017601332851885747
GBP_USD,2016-04-21 21:00:00,1.44746,55.52211127141919,73.15286181274882,0.016945066281508575
GBP_USD,2016-04-24 21:00:00,1.45236,56.6458773906501,74.92443684060451,0.016524053025206854
GBP_USD,2016-04-25 21:00:00,1.45772,57.85094544620383,78.97782357363191,0.016159242420165473
GBP_USD,2016-04-26 21:00:00,1.45853,58.03330537893584,82.5974235258473,0.015307393936132382
GBP_USD,2016-04-27 21:00:00,1.45296,56.30050974109279,77.99543868434147,0.015931915148905896
GBP_USD,2016-04-28 21:00:00,1.44618,54.26041242390719,68.69990088880374,0.013591532119124708
GBP_USD,2016-05-01 21:00:00,1.4444,53.7316238180127,59.28205128205125,0.012229225695299769
GBP_USD,2016-05-02 21:00:00,1.44152,52.86924545286665,52.424218209736004,0.011801380556239846
GBP_USD,2016-05-03 21:00:00,1.43745,51.657186308359684,45.366196257695755,0.010741104444991913
GBP_USD,2016-05-04 21:00:00,1.4389,52.06222399310878,39.923663497867864,0.010662883555993546
GBP_USD,2016-05-05 21:00:00,1.43946,52.22215524781344,37.65171218032066,0.010526306844794813
GBP_USD,2016-05-08 21:00:00,1.44062,52.56129717732387,39.36931079323793,0.011145045475835844
GBP_USD,2016-05-09 21:00:00,1.43404,50.459508217250196,34.856638767221575,0.009924036380668662
GBP_USD,2016-05-10 21:00:00,1.43326,50.21328238769534,25.471591061501467,0.009427229104534952
GBP_USD,2016-05-11 21:00:00,1.43981,52.23790426191732,17.495593853640948,0.011385783283627965
GBP_USD,2016-05-12 21:00:00,1.44037,52.409073050775426,15.381253945275647,0.013842626626902343
GBP_USD,2016-05-15 21:00:00,1.45619,56.92087272354063,29.617217753947113,0.016276101301521892
GBP_USD,2016-05-16 21:00:00,1.4486,54.36295116016536,34.75926355328931,0.014042881041217503
GBP_USD,2016-05-17 21:00:00,1.44423,52.94581929406284,36.0135372663951,0.01249830483297398
GBP_USD,2016-05-18 21:00:00,1.44743,53.85700071784128,28.027956476848534,0.014000643866379201
GBP_USD,2016-05-19 21:00:00,1.46012,57.2528521746787,37.1773489000079,0.016302515093103348
GBP_USD,2016-05-22 21:00:00,1.46402,58.230161191757944,52.89492494639037,0.015812012074482663
GBP_USD,2016-05-23 21:00:00,1.46052,57.019903272434625,63.291239774442175,0.013623609659586117
GBP_USD,2016-05-24 21:00:00,1.45876,56.41000978464295,62.211103168930286,0.011642887727668883
GBP_USD,2016-05-25 21:00:00,1.4465,52.37320514912978,48.99760630246485,0.012058310182135098
GBP_USD,2016-05-26 21:00:00,1.43863,49.99726590246188,31.83392577765017,0.010506648145708116
GBP_USD,2016-05-29 21:00:00,1.44062,50.58367169705141,17.769796476825732,0.010137318516566471
GBP_USD,2016-05-30 21:00:00,1.43994,50.37483958984326,12.16008209338132,0.011623854813253195
GBP_USD,2016-05-31 21:00:00,1.4353,48.94838607934287,9.312467932273014,0.01095708385060254
GBP_USD,2016-06-01 21:00:00,1.44394,51.58901216547424,12.151530699504063,0.014953667080482026
GBP_USD,2016-06-02 21:00:00,1.45006,53.35686497282858,20.805541303232385,0.015188933664385618
GBP_USD,2016-06-05 21:00:00,1.44467,51.63880262062063,28.818197366170537,0.012687146931508499
GBP_USD,2016-06-06 21:00:00,1.41802,44.33676127898377,6.652984436463053,0.010675717545206825
GBP_USD,2016-06-07 21:00:00,1.41156,42.81846077298875,-17.172463689151012,0.01152457403616547
GBP_USD,2016-06-08 21:00:00,1.40906,42.23937617468605,-37.6677568219315,0.01226365922893238
GBP_USD,2016-06-09 21:00:00,1.40939,42.345848988686434,-24.21584862326945,0.012374927383145915
GBP_USD,2016-06-12 21:00:00,1.40127,40.44796826426508,-18.661597755372664,0.013101941906516748
GBP_USD,2016-06-13 21:00:00,1.41988,46.16816368523914,-1.9172391755873015,0.01798755352521341
GBP_USD,2016-06-14 21:00:00,1.44342,52.17877103680451,16.20599669808796,0.024822042820170725
GBP_USD,2016-06-15 21:00:00,1.46164,56.10320600752095,46.572846027260006,0.026861634256136593
GBP_USD,2016-06-16 21:00:00,1.46421,56.62263664510245,68.30609692000768,0.024655307404909278
GBP_USD,2016-06-19 21:00:00,1.47158,58.09370105165797,75.3091910045436,0.025834245923927437
GBP_USD,2016-06-20 21:00:00,1.32284,34.01209437689006,17.722375663135622,0.026731396739141933
GBP_USD,2016-06-21 21:00:00,1.31196,32.97766535885607,-14.919156097868608,0.026623117391313532
GBP_USD,2016-06-22 21:00:00,1.32026,34.54860210979223,-39.36054430183503,0.02730649391305084
GBP_USD,2016-06-23 21:00:00,1.32876,36.1344798088039,-5.553792912029209,0.028461195130440674
GBP_USD,2016-06-26 21:00:00,1.3206,35.285415679745554,0.515903945366185,0.02695295610435255
GBP_USD,2016-06-27 21:00:00,1.32446,36.02107380459269,1.2953271721783401,0.024438364883482055
GBP_USD,2016-06-28 21:00:00,1.32404,35.97504174370599,0.41940392680851635,0.021502691906785644
GBP_USD,2016-06-29 21:00:00,1.30006,33.45024613194249,-3.3923468062204685,0.01824215352542849
GBP_USD,2016-06-30 21:00:00,1.27956,31.49545336454068,-7.5109760584571985,0.015141722820342785
GBP_USD,2016-07-03 21:00:00,1.28766,33.093624648839935,-8.743762096092818,0.017157378256274232
GBP_USD,2016-07-04 21:00:00,1.2881,33.18122248265293,-5.0066469300000636,0.01658590260501938
GBP_USD,2016-07-05 21:00:00,1.2851,32.87761116681004,-2.152129110830973,0.0160267220840155
GBP_USD,2016-07-06 21:00:00,1.29724,35.35383020839143,-0.1908366848040972,0.021717377667212413
GBP_USD,2016-07-07 21:00:00,1.31342,38.48279953156509,3.8025392319217155,0.024693902133769926
GBP_USD,2016-07-10 21:00:00,1.31054,38.14285432378059,7.814841100859518,0.026623121707015952
GBP_USD,2016-07-11 21:00:00,1.31324,38.66829277617637,10.338301395788944,0.028802497365612762
GBP_USD,2016-07-12 21:00:00,1.31888,39.77378612635832,11.199432221433613,0.02669999789249024
GBP_USD,2016-07-13 21:00:00,1.30742,38.321853844435346,10.707357463922373,0.02309999831399218
GBP_USD,2016-07-14 21:00:00,1.3065,38.20602738624203,9.644349814683359,0.02154799865119373
GBP_USD,2016-07-17 21:00:00,1.31556,40.05189418628952,9.120731803485505,0.021450398920955002
GBP_USD,2016-07-18 21:00:00,1.3079,39.03212870196647,15.670654522137212,0.019888319136763977
GBP_USD,2016-07-19 21:00:00,1.3095,39.36571635601572,23.215068361487372,0.01762665530941119
GBP_USD,2016-07-20 21:00:00,1.30572,38.846255090675875,27.32388384562297,0.015739324247528937
GBP_USD,2016-07-21 21:00:00,1.30721,39.17355446436836,27.505023402052004,0.016153459398023172
GBP_USD,2016-07-24 21:00:00,1.31178,40.18922932645174,29.750141439508514,0.016458767518418523
GBP_USD,2016-07-25 21:00:00,1.31488,40.881938912468044,35.79873740441396,0.016847014014734814
GBP_USD,2016-07-26 21:00:00,1.31624,41.19105078795486,41.29716571031118,0.015957611211787844
GBP_USD,2016-07-27 21:00:00,1.31718,41.41009435786002,44.427056164145334,0.016838088969430263
GBP_USD,2016-07-28 21:00:00,1.32807,43.91370684997137,52.072103402306844,0.017474471175544196
GBP_USD,2016-07-31 21:00:00,1.31028,40.95613945687707,48.61763171622315,0.01530557694043534
GBP_USD,2016-08-01 21:00:00,1.30214,39.69083087065196,37.624562675560696,0.013694461552348313
GBP_USD,2016-08-02 21:00:00,1.30278,39.841995328570704,18.313648774007348,0.012467569241878654
GBP_USD,2016-08-03 21:00:00,1.29558,38.71273017883408,-0.17968999435129915,0.010410055393502893
GBP_USD,2016-08-04 21:00:00,1.29914,39.58855018650262,-5.538792028947527,0.01109604431480233
GBP_USD,2016-08-07 21:00:00,1.2936,38.6982851230953,-12.770731911240688,0.009616835451841872
GBP_USD,2016-08-08 21:00:00,1.29036,38.17885027601695,-10.05671482987192,0.009667468361473463
GBP_USD,2016-08-09 21:00:00,1.28656,37.56705190040796,-14.004894719285078,0.008569974689178785
GBP_USD,2016-08-10 21:00:00,1.28776,37.89217862974875,-9.344374776954162,0.010575979751343062
GBP_USD,2016-08-11 21:00:00,1.29776,40.56060499747498,1.633427325949578,0.012636783801074452
GBP_USD,2016-08-14 21:00:00,1.30382,42.11957067218424,17.235310046033078,0.014021427040859569
GBP_USD,2016-08-15 21:00:00,1.3023,41.834865881989124,27.078256160303326,0.014169141632687676
GBP_USD,2016-08-16 21:00:00,1.30345,42.140963216054594,30.930138099106454,0.014023313306150122
GBP_USD,2016-08-17 21:00:00,1.3129,44.61849258199073,37.07690224749529,0.014760650644920078
GBP_USD,2016-08-18 21:00:00,1.31614,45.44701185242903,46.44597887896028,0.014696520515936064
GBP_USD,2016-08-21 21:00:00,1.31692,45.649506794707044,55.564581640942485,0.013817216412748847
GBP_USD,2016-08-22 21:00:00,1.31218,44.60857802589258,55.07717303005699,0.01325777313019904
GBP_USD,2016-08-23 21:00:00,1.30596,43.26921221151056,48.18575683725974,0.011190218504159239
GBP_USD,2016-08-24 21:00:00,1.30593,43.26273110901767,40.746005957216376,0.01016217480332737
GBP_USD,2016-08-25 21:00:00,1.30664,43.47003572053303,37.67204454506395,0.010107739842661886
GBP_USD,2016-08-28 21:00:00,1.31288,45.28754337876424,44.43884083274191,0.013116191874129511
GBP_USD,2016-08-29 21:00:00,1.32529,48.6820545908973,58.592321167559305,0.014964953499303598
GBP_USD,2016-08-30 21:00:00,1.32886,49.61237934059688,72.76250037691334,0.014423962799442866
GBP_USD,2016-08-31 21:00:00,1.32966,49.823248411241785,78.37313239370258,0.014677170239554291
GBP_USD,2016-09-01 21:00:00,1.33194,50.43480127115767,77.96038251721488,0.014625736191643408
GBP_USD,2016-09-04 21:00:00,1.32835,49.45303686145016,74.25929198327152,0.012828588953314745
GBP_USD,2016-09-05 21:00:00,1.32396,48.26453884877489,70.9018083289156,0.011316871162651818
GBP_USD,2016-09-06 21:00:00,1.3235,48.139132270159756,65.93037639158864,0.011207496930121444
GBP_USD,2016-09-07 21:00:00,1.31676,46.31506941563639,52.49816131956305,0.01110199754409716
GBP_USD,2016-09-08 21:00:00,1.31386,45.5468918045724,39.22280853248616,0.010341598035277745
GBP_USD,2016-09-11 21:00:00,1.31795,46.83344114046465,28.810857097533553,0.011101278428222203
GBP_USD,2016-09-12 21:00:00,1.29974,42.23714292776601,13.358158048471608,0.010251022742577769
GBP_USD,2016-09-13 21:00:00,1.29992,42.2950525850732,5.210338584327526,0.01008081819406223
GBP_USD,2016-09-14 21:00:00,1.29472,41.064712398486996,-9.439113999194896,0.009380654555249791
GBP_USD,2016-09-15 21:00:00,1.29454,41.02198123772495,-7.633143290951683,0.009500523644199808
GBP_USD,2016-09-18 21:00:00,1.3028,43.798219760914485,-4.654439690742379,0.011112418915359851
GBP_USD,2016-09-19 21:00:00,1.29148,41.05818554377737,-6.0559461042763445,0.010099935132287904
GBP_USD,2016-09-20 21:00:00,1.29164,41.11205253988124,-6.346917366576875,0.009531948105830333
GBP_USD,2016-09-21 21:00:00,1.2937,41.8202294384644,-11.249369486145573,0.0098335584846643
GBP_USD,2016-09-22 21:00:00,1.29798,43.28612972338284,-4.876517371285099,0.009770846787731434
GBP_USD,2016-09-25 21:00:00,1.29546,42.631874969198655,-2.211525045346658,0.009388677430185143
GBP_USD,2016-09-26 21:00:00,1.2937,42.17135226972971,-2.056289167493951,0.008880941944148119
GBP_USD,2016-09-27 21:00:00,1.28174,39.19496997176804,-9.280051530524739,0.007668753555318504
GBP_USD,2016-09-28 21:00:00,1.2719,36.973941572310736,-14.624711116257439,0.007007002844254788
GBP_USD,2016-09-29 21:00:00,1.26858,36.25684114458819,-14.624263131854498,0.006657602275403839
GBP_USD,2016-10-02 21:00:00,1.26022,34.5131854726889,-14.796759324012646,0.006804081820323073
GBP_USD,2016-10-03 21:00:00,1.16496,22.026561641660294,-52.77853602721481,0.005863265456258502
GBP_USD,2016-10-04 21:00:00,1.23448,38.75492934954183,-52.60064345479976,0.02059461236500681
GBP_USD,2016-10-05 21:00:00,1.20894,35.83328162640258,-56.04598409822821,0.017113689892005457
GBP_USD,2016-10-06 21:00:00,1.21056,36.149134669957824,-12.286475272450078,0.018406951913604398
GBP_USD,2016-10-09 21:00:00,1.21327,36.68844132039209,-10.170334328036928,0.018069561530883488
GBP_USD,2016-10-10 21:00:00,1.2168,37.40090984163665,1.3524343311611615,0.017049649224706774
GBP_USD,2016-10-11 21:00:00,1.2136,37.010335039396125,2.290533881307094,0.014595719379765422
GBP_USD,2016-10-12 21:00:00,1.21776,37.88270598294021,3.8283101365108974,0.015456575503812322
GBP_USD,2016-10-13 21:00:00,1.22541,39.477269301826894,6.702045993124493,0.015457260403049865
GBP_USD,2016-10-16 21:00:00,1.22105,38.88869550018494,9.287633158599256,0.013247808322439854
GBP_USD,2016-10-17 21:00:00,1.21712,38.35547055791318,9.183167331302457,0.011596246657951894
GBP_USD,2016-10-18 21:00:00,1.21858,38.67860456932077,7.045269665305188,0.010852997326361536
GBP_USD,2016-10-19 21:00:00,1.20826,37.250783962102474,2.5887547626678464,0.009838397861089209
GBP_USD,2016-10-20 21:00:00,1.21567,38.92543753433917,2.0724281593847382,0.011214718288871382
GBP_USD,2016-10-23 21:00:00,1.21493,38.818411064936946,0.8103856248501434,0.011293774631097086
GBP_USD,2016-10-24 21:00:00,1.21144,38.304574153246776,1.9045505168480537,0.01029301970487765
GBP_USD,2016-10-25 21:00:00,1.2144,39.01287094497966,1.6588078511078213,0.01093441576390209
GBP_USD,2016-10-26 21:00:00,1.22056,40.4838596088599,4.936096176459272,0.011477532611121706
GBP_USD,2016-10-27 21:00:00,1.2221,40.85281045877674,10.417191891044894,0.012160026088897335
GBP_USD,2016-10-30 21:00:00,1.22973,42.67423298675326,21.08369860015887,0.015208020871117889
GBP_USD,2016-10-31 21:00:00,1.24493,46.09518111036841,41.84750053370488,0.01737241669689431
GBP_USD,2016-11-01 21:00:00,1.23794,44.82269963398231,56.37347834774977,0.01487793335751543
GBP_USD,2016-11-02 21:00:00,1.23612,44.491877812715266,63.021670878321736,0.013118346686012318
GBP_USD,2016-11-03 21:00:00,1.23526,44.33193558097522,54.35863993477229,0.014222677348809854
GBP_USD,2016-11-06 22:00:00,1.23778,44.93201256098238,51.96133075268501,0.016024141879047903
GBP_USD,2016-11-07 22:00:00,1.25254,48.30823666758511,57.4549626917244,0.0187473135032383
GBP_USD,2016-11-08 22:00:00,1.24444,46.683375604598815,59.36200889562079,0.01637385080259064
GBP_USD,2016-11-09 22:00:00,1.23804,45.4342765616716,56.164739084470284,0.014803080642072529
GBP_USD,2016-11-10 22:00:00,1.24096,46.114780146436054,48.38244924688934,0.014288464513658016
GBP_USD,2016-11-13 22:00:00,1.24086,46.09441445273997,46.03798297315004,0.013356771610926419
GBP_USD,2016-11-14 22:00:00,1.23024,43.96147234514371,40.929927963326826,0.011241417288741137
GBP_USD,2016-11-15 22:00:00,1.23124,44.21292896079461,34.564505566470125,0.013193133830992892
GBP_USD,2016-11-16 22:00:00,1.2384,46.00744165680844,32.953503601833496,0.014570507064794333
GBP_USD,2016-11-17 22:00:00,1.23606,45.51248224236133,36.76489849377845,0.01335440565183549
GBP_USD,2016-11-20 22:00:00,1.24024,46.574600716738914,42.65880812049759,0.013363524521468408
GBP_USD,2016-11-21 22:00:00,1.2416,46.92283341959093,44.34267046388325,0.012388819617174704
GBP_USD,2016-11-22 22:00:00,1.2386,46.23513268454374,42.77505384617431,0.012231055693739775
GBP_USD,2016-11-23 22:00:00,1.23882,46.29484390194443,38.53736703691187,0.012584844554991823
GBP_USD,2016-11-24 22:00:00,1.24198,47.166715669880254,33.04399145508961,0.012779875643993462
GBP_USD,2016-11-27 22:00:00,1.25039,49.427121781248175,37.00371404551995,0.015747900515194764
GBP_USD,2016-11-28 22:00:00,1.257,51.12722232805191,44.85050763218999,0.017284320412155826
GBP_USD,2016-11-29 22:00:00,1.26274,52.55986070692691,57.910934955377634,0.017327456329724676
GBP_USD,2016-11-30 22:00:00,1.26564,53.27571005065304,66.91367845229858,0.016809965063779738
GBP_USD,2016-12-01 22:00:00,1.257,50.90814484875881,65.29072804879473,0.013987972051023777
GBP_USD,2016-12-04 22:00:00,1.25491,50.34824182687859,57.61717241911824,0.01389237764081905
GBP_USD,2016-12-05 22:00:00,1.25527,50.44535750770011,49.61006872056214,0.012547902112655265
GBP_USD,2016-12-06 22:00:00,1.2567,50.840468630112206,49.37842637634164,0.012974321690124174
GBP_USD,2016-12-07 22:00:00,1.26536,53.179192349381864,57.44730136668994,0.013607457352099348
GBP_USD,2016-12-08 22:00:00,1.253,49.688955576007295,55.69454096208781,0.012333965881679461
GBP_USD,2016-12-11 22:00:00,1.23764,45.822705988680546,40.977530692610635,0.0106311727053436
GBP_USD,2016-12-12 22:00:00,1.23828,46.003800474637295,20.06794842097135,0.01118093816427487
GBP_USD,2016-12-13 22:00:00,1.23553,45.33027771831325,0.26713134475692285,0.011344750531419898
GBP_USD,2016-12-14 22:00:00,1.2313,44.29828552717513,-9.88871678702475,0.01015380042513592
GBP_USD,2016-12-15 22:00:00,1.23237,44.62815618282966,-16.439262424612576,0.009679040340108715
GBP_USD,2016-12-18 22:00:00,1.22772,43.47080480347375,-16.985522976867266,0.00884923227208698
GBP_USD,2016-12-19 22:00:00,1.22286,42.28516998886774,-12.967990394915992,0.0075193858176695804
GBP_USD,2016-12-20 22:00:00,1.22408,42.69107307890254,-12.022143782404223,0.0071995086541356505
GBP_USD,2016-12-21 22:00:00,1.2201,41.70131025908295,-10.790674929676102,0.006885606923308525
GBP_USD,2016-12-22 22:00:00,1.22092,41.987969645515115,-8.745743834661623,0.006980485538646827
GBP_USD,2016-12-26 22:00:00,1.22458,43.275821992871265,-5.473099506300055,0.00916638843091748
GBP_USD,2016-12-27 22:00:00,1.21992,42.04638917380067,-2.927220065323248,0.008563110744734004
GBP_USD,2016-12-28 22:00:00,1.22216,42.85368565722347,-2.1630615640599777,0.009934488595787246
GBP_USD,2016-12-29 22:00:00,1.22704,44.59313272237763,-0.4360095144078069,0.012165590876629807
GBP_USD,2017-01-02 22:00:00,1.22616,44.341354563138495,3.569607707335567,0.012952472701303848
GBP_USD,2017-01-03 22:00:00,1.21241,40.63307049411332,-3.0738119312437604,0.010805978161043056
GBP_USD,2017-01-04 22:00:00,1.21074,40.21055644707719,-8.916023521357756,0.009958782528834437
GBP_USD,2017-01-05 22:00:00,1.20384,38.49946929663899,-18.244504136969518,0.011281026023067544
GBP_USD,2017-01-08 22:00:00,1.21527,42.67934697691956,-11.54965548172864,0.014596820818454034
GBP_USD,2017-01-09 22:00:00,1.21213,41.87062210931494,-11.363852716297751,0.013291456654763232
GBP_USD,2017-01-10 22:00:00,1.1987,38.631727738031,-4.866196518345997,0.01302516532381058
GBP_USD,2017-01-11 22:00:00,1.20172,39.716503547291154,-3.1285646119482435,0.019000132259048452
GBP_USD,2017-01-12 22:00:00,1.22544,47.2873119759677,19.62021654484754,0.02315810580723876
GBP_USD,2017-01-15 22:00:00,1.22532,47.25625258605626,40.04375456014724,0.020328484645791
GBP_USD,2017-01-16 22:00:00,1.22606,47.47633081433393,59.045187248529935,0.018814787716632822
GBP_USD,2017-01-17 22:00:00,1.23734,50.71888512631138,62.56934028521778,0.02061183017330627
GBP_USD,2017-01-18 22:00:00,1.24184,51.94325662042853,68.6848212343936,0.019917464138645005
GBP_USD,2017-01-19 22:00:00,1.24914,53.866705968657094,74.28167405547318,0.02033797131091599
GBP_USD,2017-01-22 22:00:00,1.25567,55.514337365267735,78.72632193957354,0.019920377048732816
GBP_USD,2017-01-23 22:00:00,1.25162,54.27074939857816,78.66416156795128,0.01692230163898623
GBP_USD,2017-01-24 22:00:00,1.24658,52.74954068931217,76.04879500148768,0.01523184131118898
GBP_USD,2017-01-25 22:00:00,1.24126,51.18296011651904,68.90310423485074,0.0147974730489512
GBP_USD,2017-01-26 22:00:00,1.25426,54.59192203984007,69.97102290704095,0.01718597843916096
GBP_USD,2017-01-29 22:00:00,1.25184,53.867531033324724,71.39769930195989,0.01702478275132878
GBP_USD,2017-01-30 22:00:00,1.24585,52.097439372678394,72.6291224517859,0.014015826201062998
GBP_USD,2017-01-31 22:00:00,1.24274,51.19390686388521,66.18419185468993,0.012020660960850407
GBP_USD,2017-02-01 22:00:00,1.2347,48.92469798110152,58.076722955394644,0.01199652876868033
GBP_USD,2017-02-02 22:00:00,1.2475,52.39961057017525,58.85719691594531,0.013655223014944293
GBP_USD,2017-02-05 22:00:00,1.24912,52.819872790162776,61.875029563407615,0.013072178411955428
GBP_USD,2017-02-06 22:00:00,1.24404,51.34920189763064,66.29298519464555,0.01106574272956433
GBP_USD,2017-02-07 22:00:00,1.24754,52.29587848709457,65.39967283453176,0.010834594183651439
GBP_USD,2017-02-08 22:00:00,1.24432,51.34500883767807,55.854724714696516,0.01012567534692111
GBP_USD,2017-02-09 22:00:00,1.23835,49.61476936415716,44.23876950100462,0.008854540277536856
GBP_USD,2017-02-12 22:00:00,1.24548,51.628654098453154,32.98659530525367,0.009889632222029482
GBP_USD,2017-02-13 22:00:00,1.2388,49.703231033190036,20.704382474794155,0.009037705777623592
GBP_USD,2017-02-14 22:00:00,1.24072,50.254843648283654,11.535734622918346,0.009124164622098892
GBP_USD,2017-02-15 22:00:00,1.24014,50.083196668925595,0.613171765176253,0.00878333169767911
GBP_USD,2017-02-16 22:00:00,1.24201,50.64543754285003,0.6914241106279305,0.009162665358143293
GBP_USD,2017-02-19 22:00:00,1.2428,50.88719458505388,3.0110404817663956,0.01015613228651463
GBP_USD,2017-02-20 22:00:00,1.24484,51.521541687754286,8.252481320396852,0.010966905829211716
GBP_USD,2017-02-21 22:00:00,1.23834,49.417662194808635,4.159696665551235,0.009385524663369385
GBP_USD,2017-02-22 22:00:00,1.23742,49.12394930083058,-1.8400802944130177,0.009246419730695525
GBP_USD,2017-02-23 22:00:00,1.22802,46.220345937342636,-16.34134446536169,0.00801713578455644
GBP_USD,2017-02-26 22:00:00,1.22422,45.10540564862306,-19.627137800793843,0.00696170862764519
GBP_USD,2017-02-27 22:00:00,1.22141,44.288161075137644,-21.32006375421155,0.006777366902116116
GBP_USD,2017-02-28 22:00:00,1.22241,44.657309194791665,-15.73465433387659,0.007155893521692885
GBP_USD,2017-03-01 22:00:00,1.21694,43.04343143763762,-16.377595370512786,0.00630271481735432
GBP_USD,2017-03-02 22:00:00,1.21386,42.15602137742856,-16.232379894835756,0.005930171853883456
GBP_USD,2017-03-05 22:00:00,1.21328,41.987390585063544,-14.643089284278235,0.005884137483106773
GBP_USD,2017-03-06 22:00:00,1.21404,42.300257754635794,-9.653929381545927,0.0058213099864854335
GBP_USD,2017-03-07 22:00:00,1.21534,42.845688490047195,-4.962124724401506,0.0068730479891883425
GBP_USD,2017-03-08 22:00:00,1.21092,41.46698655912632,-6.362378976486817,0.00693843839135065
GBP_USD,2017-03-09 22:00:00,1.21448,42.99534275553277,-5.123690948046231,0.009558750713080532
GBP_USD,2017-03-12 21:00:00,1.22419,46.90693842629981,2.7563294051998977,0.012301000570464406
GBP_USD,2017-03-13 21:00:00,1.23241,49.91657125753258,20.75007928956523,0.013098800456371554
GBP_USD,2017-03-14 21:00:00,1.2335,50.30301274518421,35.83095464636836,0.012717040365097252
GBP_USD,2017-03-15 21:00:00,1.23405,50.50237068608118,43.6489058039962,0.013369632292077778
GBP_USD,2017-03-16 21:00:00,1.2423,53.40289763310264,51.490643831271804,0.014005705833662192
GBP_USD,2017-03-19 21:00:00,1.2463,54.733352470422076,61.63970821439896,0.013376564666929772
GBP_USD,2017-03-20 21:00:00,1.24696,54.95289331417879,74.43305365439144,0.011895251733543824
GBP_USD,2017-03-21 21:00:00,1.249,55.64080103082981,77.11558408980534,0.012434201386835035
GBP_USD,2017-03-22 21:00:00,1.24409,53.60270534414686,73.11286366447278,0.01208136110946802
GBP_USD,2017-03-23 21:00:00,1.23766,51.068526500145445,61.42836696722483,0.010371088887574424
GBP_USD,2017-03-26 21:00:00,1.24032,52.038888348355755,55.21683125805061,0.011254871110059557
GBP_USD,2017-03-27 21:00:00,1.24331,53.11993985797896,54.658651781880586,0.01213989688804763
GBP_USD,2017-03-28 21:00:00,1.24657,54.28222295199861,61.034778875053625,0.012183917510438133
GBP_USD,2017-03-29 21:00:00,1.2419,52.35853859154039,62.165450121654395,0.010337134008350509
GBP_USD,2017-03-30 21:00:00,1.24235,52.52624461734962,61.47845999713754,0.009861707206680403
GBP_USD,2017-04-02 21:00:00,1.245,53.52293193652197,60.3549448976672,0.009537365765344329
GBP_USD,2017-04-03 21:00:00,1.23656,50.060208333340746,56.53356233004167,0.008177892612275455
GBP_USD,2017-04-04 21:00:00,1.23655,50.05623900561765,52.382996994418335,0.00781631408982036
GBP_USD,2017-04-05 21:00:00,1.24036,51.56976239587333,49.06254472591954,0.008831051271856303
GBP_USD,2017-04-06 21:00:00,1.24808,54.462397401742244,53.04912997330629,0.009960841017485053
GBP_USD,2017-04-09 21:00:00,1.2501,55.186899022019055,56.08865473830908,0.009862672813988017
GBP_USD,2017-04-10 21:00:00,1.25,55.14197037232863,56.27198576051337,0.008578138251190436
GBP_USD,2017-04-11 21:00:00,1.25252,56.07421671221422,58.45654993514953,0.008778510600952333
GBP_USD,2017-04-12 21:00:00,1.25148,55.58107302767316,48.23094039672079,0.01468680848076185
GBP_USD,2017-04-13 21:00:00,1.27698,63.68242040899765,54.381209914444604,0.0186734467846095
GBP_USD,2017-04-16 21:00:00,1.27727,63.76018041635204,57.44775739041779,0.016484757427687603
GBP_USD,2017-04-17 21:00:00,1.27558,62.94766615517318,72.80198776758398,0.014427805942150125
GBP_USD,2017-04-18 21:00:00,1.27722,63.415678022954786,72.95489296636076,0.013308244753720123
GBP_USD,2017-04-19 21:00:00,1.27751,63.50001371354193,73.10779816513752,0.012122595802976088
GBP_USD,2017-04-20 21:00:00,1.2805,64.37591774860122,76.2423547400611,0.011464076642380893
GBP_USD,2017-04-23 21:00:00,1.28388,65.34834381359633,79.98609091138836,0.011423261313904724
GBP_USD,2017-04-24 21:00:00,1.28898,66.76443964518987,84.11539816252548,0.011678609051123811
GBP_USD,2017-04-25 21:00:00,1.28824,66.35739431914773,85.91491362036498,0.010490887240899065
GBP_USD,2017-04-26 21:00:00,1.28648,65.37671979055878,85.04994832931447,0.009548709792719233
GBP_USD,2017-04-27 21:00:00,1.28657,65.40376669003842,83.66632219542997,0.00930696783417539
GBP_USD,2017-04-30 21:00:00,1.28304,63.39441602588209,80.68090481111484,0.00878757426734031
GBP_USD,2017-05-01 21:00:00,1.29,65.55296829698844,81.75093808932932,0.010124059413872268
GBP_USD,2017-05-02 21:00:00,1.29299,66.43263407895842,84.00949446111264,0.009903247531097819
GBP_USD,2017-05-03 21:00:00,1.2903,64.89039861885121,85.96972870155359,0.008540598024878217
GBP_USD,2017-05-04 21:00:00,1.29278,65.65091237729061,86.36315493212608,0.008540478419902572
GBP_USD,2017-05-07 21:00:00,1.28496,61.318302092337035,80.08356815339727,0.007248382735922029
GBP_USD,2017-05-08 21:00:00,1.28446,61.051804143510815,75.33929145120014,0.006804706188737597
GBP_USD,2017-05-09 21:00:00,1.28809,62.282927591724615,71.02454188727262,0.007367764950990071
GBP_USD,2017-05-10 21:00:00,1.28652,61.414366208785765,61.39461124940356,0.007436211960792078
GBP_USD,2017-05-11 21:00:00,1.29062,62.81525533057498,58.84152245994981,0.008464969568633626
GBP_USD,2017-05-14 21:00:00,1.28877,61.76847362782802,46.40002442016114,0.009609975654906885
GBP_USD,2017-05-15 21:00:00,1.29218,62.945898452355074,49.19041886074883,0.010741980523925533
GBP_USD,2017-05-16 21:00:00,1.29654,64.39621591623705,51.42669296515451,0.0110095844191404
GBP_USD,2017-05-17 21:00:00,1.29526,63.639728265236094,56.98204637274379,0.01018366753531232
GBP_USD,2017-05-18 21:00:00,1.29273,62.14695060485955,53.52642900198305,0.009078934028249833
GBP_USD,2017-05-21 21:00:00,1.2932,62.31681992547207,42.695862135348854,0.009019147222599869
GBP_USD,2017-05-22 21:00:00,1.27756,53.978192599547775,7.287794271740528,0.007539317778079931
GBP_USD,2017-05-23 21:00:00,1.27992,54.919807993453595,-6.596174575972203,0.007535454222463939
GBP_USD,2017-05-24 21:00:00,1.27938,54.6551130226898,-19.574761821274496,0.007814363377971173
GBP_USD,2017-05-25 21:00:00,1.2769,53.431634590922336,-6.696672122204294,0.00880349070237696
GBP_USD,2017-05-28 21:00:00,1.28292,55.91004510494782,-2.6050190943809017,0.009986792561901582
GBP_USD,2017-05-29 21:00:00,1.28456,56.56156403989475,4.459901800327171,0.009489434049521234
GBP_USD,2017-05-30 21:00:00,1.2857,57.0182896251993,16.462084015275526,0.00950354723961699
GBP_USD,2017-05-31 21:00:00,1.28722,57.632721478959716,22.326786688488795,0.009466837791693591
GBP_USD,2017-06-01 21:00:00,1.28876,58.25812790862397,28.055100927441302,0.00954947023335485
GBP_USD,2017-06-04 21:00:00,1.29078,59.077808335199535,34.98363338788862,0.009439576186683904
GBP_USD,2017-06-05 21:00:00,1.26352,46.366857401790696,2.6595744680849642,0.008609660949347127
GBP_USD,2017-06-06 21:00:00,1.26393,46.5458012418791,-16.114560098255136,0.009587728759477715
GBP_USD,2017-06-07 21:00:00,1.2642,46.66702353474864,-32.012043999901906,0.010014183007582163
GBP_USD,2017-06-08 21:00:00,1.27234,50.189934599310526,-3.7079565260641654,0.011529346406065729
GBP_USD,2017-06-11 21:00:00,1.26905,48.84101734715554,6.143534953447383,0.010675477124852593
GBP_USD,2017-06-12 21:00:00,1.27508,51.32157795217078,15.640304980340582,0.010850381699882065
GBP_USD,2017-06-13 21:00:00,1.27234,50.17791755190304,15.838921475863993,0.009960305359905644
GBP_USD,2017-06-14 21:00:00,1.26026,45.548650591566485,7.74415500744394,0.008672244287924508
GBP_USD,2017-06-15 21:00:00,1.25896,45.08559084144933,-3.208985664783014,0.00909379543033961
GBP_USD,2017-06-18 21:00:00,1.26538,47.796862628979504,-6.129631020049501,0.009315036344271686
GBP_USD,2017-06-19 21:00:00,1.26752,48.67074643321769,4.0765277010239656,0.009256029075417355
GBP_USD,2017-06-20 21:00:00,1.27063,49.93082434764615,14.81586940015175,0.009092823260333885
GBP_USD,2017-06-21 21:00:00,1.27162,50.33234158906631,20.738420652999146,0.010388258608267125
GBP_USD,2017-06-22 21:00:00,1.27941,53.37582170378705,32.02353834472271,0.013434606886613697
GBP_USD,2017-06-25 21:00:00,1.29234,57.814413428437476,49.75970828065803,0.01521368550929095
GBP_USD,2017-06-26 21:00:00,1.2945,58.49720760628327,67.53018662552759,0.014308948407432735
GBP_USD,2017-06-27 21:00:00,1.29318,57.90471480117791,76.81758861332212,0.013043158725946209
GBP_USD,2017-06-28 21:00:00,1.29125,57.03100817547674,75.10935049929867,0.010970526980756972
GBP_USD,2017-06-29 21:00:00,1.28933,56.15896502709167,70.84261780968912,0.009482421584605584
GBP_USD,2017-07-02 21:00:00,1.29202,57.109487670882864,69.88528513658517,0.00941193726768444
GBP_USD,2017-07-03 21:00:00,1.28668,54.675133544567956,66.11372451927068,0.008617549814147574
GBP_USD,2017-07-04 21:00:00,1.28546,54.12981052765272,62.9198646529671,0.007726039851318048
GBP_USD,2017-07-05 21:00:00,1.28309,53.06617332402641,55.550053643641434,0.007644831881054437
GBP_USD,2017-07-06 21:00:00,1.28116,52.202047919008336,50.994470578526325,0.007661865504843554
GBP_USD,2017-07-09 21:00:00,1.28814,54.9468172326938,53.20623916811122,0.009009492403874837
GBP_USD,2017-07-10 21:00:00,1.29358,56.94039567548072,57.46733575283278,0.011865593923099877
GBP_USD,2017-07-11 21:00:00,1.30467,60.61565031042412,70.89792504904061,0.013044475138479901
GBP_USD,2017-07-12 21:00:00,1.30048,58.65880566159343,75.0797786431645,0.012029580110783929
GBP_USD,2017-07-13 21:00:00,1.30108,58.85556852323612,78.81718915159801,0.010591664088627136
GBP_USD,2017-07-16 21:00:00,1.29334,55.34063423560192,69.03693493143057,0.008917331270901687
GBP_USD,2017-07-17 21:00:00,1.29538,56.05618406336889,62.97282984111848,0.008865865016721371
GBP_USD,2017-07-18 21:00:00,1.29894,57.29151850005485,60.1825938290605,0.00918469201337708
GBP_USD,2017-07-19 21:00:00,1.30076,57.91717550160108,61.79471314206796,0.00923975361070167
GBP_USD,2017-07-20 21:00:00,1.29991,57.51013524622488,61.01890746567803,0.009719802888561354
GBP_USD,2017-07-23 21:00:00,1.30506,59.30282767102431,60.8226559092673,0.010981842310849126
GBP_USD,2017-07-24 21:00:00,1.30618,59.68549013984767,63.343103854103674,0.010813473848679265
GBP_USD,2017-07-25 21:00:00,1.30971,60.88465458466648,67.12053355525323,0.011922779078943442
GBP_USD,2017-07-26 21:00:00,1.31906,63.832445436856595,74.0523960869583,0.012498223263154782
GBP_USD,2017-07-27 21:00:00,1.3191,63.844503997120874,79.39473654310196,0.011214578610523844
GBP_USD,2017-07-30 21:00:00,1.31124,59.79215945645676,78.31484123180877,0.010535662888419109
GBP_USD,2017-07-31 21:00:00,1.3024,55.68030770527317,63.67242417647842,0.009472530310735286
GBP_USD,2017-08-01 21:00:00,1.30144,55.253438579231094,48.69150847590026,0.008284024248588236
GBP_USD,2017-08-02 21:00:00,1.29524,52.56126746097001,36.19248496211232,0.007407219398870592
GBP_USD,2017-08-03 21:00:00,1.2968,53.155367190954074,29.457604665120186,0.0074537755190964925
GBP_USD,2017-08-06 21:00:00,1.29512,52.42395200113138,16.956307559467117,0.006911020415277187
GBP_USD,2017-08-07 21:00:00,1.29396,51.913716190944974,4.811604920438753,0.007142816332221754
GBP_USD,2017-08-08 21:00:00,1.29562,52.596719692076356,-4.333460150755935,0.007370253065777417
GBP_USD,2017-08-09 21:00:00,1.28462,47.92994827917208,-17.58808986105347,0.006172202452621921
GBP_USD,2017-08-10 21:00:00,1.28417,47.750648304862615,-16.169555168085633,0.006081761962097526
GBP_USD,2017-08-13 21:00:00,1.28529,48.24909643328591,-15.679707314724178,0.006235409569678026
GBP_USD,2017-08-14 21:00:00,1.28319,47.37251942586042,-6.306530578375274,0.006294327655742406
GBP_USD,2017-08-15 21:00:00,1.28502,48.220553582931196,-4.92228061654889,0.006729462124593921
GBP_USD,2017-08-16 21:00:00,1.2811,46.55808255460671,-7.656739631118131,0.00656556969967511
GBP_USD,2017-08-17 21:00:00,1.27796,45.26492761852122,-8.184092710929628,0.005700455759740092
GBP_USD,2017-08-20 21:00:00,1.27746,45.05877045716376,-9.26191249248972,0.005702364607792094
GBP_USD,2017-08-21 21:00:00,1.27947,46.080028660348404,-5.7212258639374305,0.006847891686233685
GBP_USD,2017-08-22 21:00:00,1.28734,49.85542920198868,2.9507963594993414,0.00843631334898692
GBP_USD,2017-08-23 21:00:00,1.29151,51.70881496815633,12.94084186575637,0.008853050679189553
GBP_USD,2017-08-24 21:00:00,1.2878,50.0076763962526,18.86376564277567,0.007540440543351668
GBP_USD,2017-08-27 21:00:00,1.28524,48.860262215851776,18.432497958653066,0.007178352434681338
GBP_USD,2017-08-28 21:00:00,1.29054,51.255603481605775,23.795656543740723,0.008606681947745092
GBP_USD,2017-08-29 21:00:00,1.2913,51.591950408353384,33.113332487028636,0.008109345558196054
GBP_USD,2017-08-30 21:00:00,1.29096,51.42772186762708,43.401583025413366,0.009073476446556865
GBP_USD,2017-08-31 21:00:00,1.30186,56.065821130494996,55.67481209877062,0.010714781157245485
GBP_USD,2017-09-03 21:00:00,1.30325,56.61237006531624,65.35365541705856,0.010519824925796405
GBP_USD,2017-09-04 21:00:00,1.30944,58.96411106026251,73.41387271548552,0.012255859940637102
GBP_USD,2017-09-05 21:00:00,1.3161,61.298930833142414,75.96428262260089,0.012360687952509684
GBP_USD,2017-09-06 21:00:00,1.31604,61.26644361937895,75.53684185018447,0.012640550362007747
GBP_USD,2017-09-07 21:00:00,1.31836,62.07051844321433,76.57527202152323,0.013492440289606182
GBP_USD,2017-09-10 21:00:00,1.31529,60.35538174843898,67.62233888336141,0.015249952231684962
GBP_USD,2017-09-11 21:00:00,1.33812,67.30532400744133,67.24949247165404,0.021477961785347957
GBP_USD,2017-09-12 21:00:00,1.34655,69.3572850770779,70.19274751122593,0.021934369428278366
GBP_USD,2017-09-13 21:00:00,1.34686,69.43027132521495,78.0190140088434,0.01927349554262272
GBP_USD,2017-09-14 21:00:00,1.34521,68.53149931521236,79.58835744360157,0.0192387964340982
GBP_USD,2017-09-17 21:00:00,1.34711,69.00938474377935,78.48933183064285,0.01808903714727856
GBP_USD,2017-09-18 21:00:00,1.34498,67.81505806344036,75.18832897050024,0.016973229717822853
GBP_USD,2017-09-19 21:00:00,1.34315,66.7877364000492,72.99827354348024,0.01600458377425828
GBP_USD,2017-09-20 21:00:00,1.34093,65.54172133549875,69.10437710437712,0.014471667019406626
GBP_USD,2017-09-21 21:00:00,1.3364,63.05837205108556,65.10250481448156,0.012635333615525305
GBP_USD,2017-09-24 21:00:00,1.33434,61.954084482265955,60.89839221312806,0.011944266892420239
GBP_USD,2017-09-25 21:00:00,1.33498,62.16701896733354,57.98327019828472,0.011583413513936155
GBP_USD,2017-09-26 21:00:00,1.32563,57.31872054244027,52.98067699054406,0.010314730811148908
GBP_USD,2017-09-27 21:00:00,1.32219,55.66640656384807,44.192485088977264,0.008881784648919124
GBP_USD,2017-09-28 21:00:00,1.32337,56.11531308599243,35.279161076620134,0.008505427719135324
GBP_USD,2017-10-01 21:00:00,1.31078,50.474263102634055,20.815911298447624,0.007130342175308263
GBP_USD,2017-10-02 21:00:00,1.30274,47.3310198267109,4.980295016457903,0.005992273740246588
GBP_USD,2017-10-03 21:00:00,1.30712,49.11678309941866,-5.287779719529029,0.005669818992197281
GBP_USD,2017-10-04 21:00:00,1.30767,49.33990735933317,-5.423187600661712,0.006787855193757835
GBP_USD,2017-10-05 21:00:00,1.31319,51.54589198307756,3.7502832540222464,0.008424284155006255
GBP_USD,2017-10-06 21:00:00,1.31756,53.21434815234663,9.664627237706817,0.00878742732400501
GBP_USD,2017-10-08 21:00:00,1.31216,50.970771134121286,12.208248357126648,0.009339941859203999
GBP_USD,2017-10-09 21:00:00,1.32472,55.48645523188377,18.740086109222624,0.011807953487363184
GBP_USD,2017-10-10 21:00:00,1.32251,54.57158199167859,21.54430092907307,0.010782362789890552
GBP_USD,2017-10-11 21:00:00,1.31545,51.75167958890794,23.97798927411424,0.009867890231912408
GBP_USD,2017-10-12 21:00:00,1.31401,51.19351340981594,18.38205086702695,0.009130312185529942
GBP_USD,2017-10-15 21:00:00,1.31298,50.78819175362929,13.570940219789842,0.00908424974842398
GBP_USD,2017-10-16 21:00:00,1.30881,49.15813633730486,9.551677955497162,0.00868739979873916
GBP_USD,2017-10-17 21:00:00,1.31866,52.85551512805988,15.015096946281902,0.008919919838991312
GBP_USD,2017-10-18 21:00:00,1.31576,51.71017747995973,18.595948321965267,0.007959935871193076
GBP_USD,2017-10-19 21:00:00,1.31136,50.00930414088986,21.109333831558992,0.007779948696954474
GBP_USD,2017-10-20 21:00:00,1.311,49.87046483217326,15.178663126392621,0.009377958957563548
GBP_USD,2017-10-22 21:00:00,1.31461,51.27377086481801,17.034175969660893,0.010888367166050862
GBP_USD,2017-10-23 21:00:00,1.30698,48.316476452450026,13.07651313686816,0.009052693732840665
GBP_USD,2017-10-24 21:00:00,1.31202,50.27619157650711,15.281936127744435,0.010146154986272506
GBP_USD,2017-10-25 21:00:00,1.3192,52.90771797432769,21.007984031935923,0.011488923989018024
GBP_USD,2017-10-26 21:00:00,1.32406,54.59048985103814,42.31536926147694,0.011773139191214414
GBP_USD,2017-10-29 21:00:00,1.30426,47.44519831628648,29.059737667522057,0.010602511352971517
GBP_USD,2017-10-30 21:00:00,1.30392,47.33513981118498,11.499455932142212,0.010322009082377234
GBP_USD,2017-10-31 21:00:00,1.3059,48.060969473353886,-9.753010399562243,0.010973607265901773
GBP_USD,2017-11-01 21:00:00,1.31087,49.855502739892906,3.2207854406128735,0.011146885812721389
GBP_USD,2017-11-02 21:00:00,1.30864,49.068578572637776,8.872126436781551,0.010273508650177112
GBP_USD,2017-11-05 22:00:00,1.30847,49.007575695622826,12.145183910980718,0.009810806920141683
GBP_USD,2017-11-06 22:00:00,1.31122,50.0468184925647,12.97835858018904,0.010748645536113339
GBP_USD,2017-11-07 22:00:00,1.30617,48.18141471454921,10.034469551895853,0.010006916428890658
GBP_USD,2017-11-08 22:00:00,1.30744,48.67906758738821,8.719519979573509,0.010523533143112503
GBP_USD,2017-11-09 22:00:00,1.31306,50.84032176882079,11.068556108770307,0.01122282651449003
GBP_USD,2017-11-12 22:00:00,1.31357,51.03390329597198,20.515766628366748,0.010542261211592057
GBP_USD,2017-11-13 22:00:00,1.31697,52.32853249875376,32.682241797523,0.01093180896927367
GBP_USD,2017-11-14 22:00:00,1.31856,52.930579268970064,39.70381718370976,0.010947447175418928
GBP_USD,2017-11-15 22:00:00,1.32093,53.82968146601404,49.09996170049781,0.010399957740335152
GBP_USD,2017-11-16 22:00:00,1.32123,53.94487929532727,53.9045460236606,0.010731966192268114
GBP_USD,2017-11-19 22:00:00,1.3285,56.65598808442421,64.98478860378974,0.011071572953814524
GBP_USD,2017-11-20 22:00:00,1.32784,56.344491516826416,70.158757249876,0.010365258363051596
GBP_USD,2017-11-21 22:00:00,1.33106,57.52316837123629,77.19503122740343,0.010388206690441286
GBP_USD,2017-11-22 22:00:00,1.32209,53.37059267253987,66.39190480348279,0.009874565352353062
GBP_USD,2017-11-23 22:00:00,1.33396,57.56420811422673,66.12874402471319,0.012457652281882468
GBP_USD,2017-11-26 22:00:00,1.34068,59.687502554839874,63.923116253347224,0.014154121825505968
GBP_USD,2017-11-27 22:00:00,1.34438,60.80454413537018,73.51539632540539,0.01418329746040477
GBP_USD,2017-11-28 22:00:00,1.34122,59.351528921988525,72.43192780159178,0.013450637968323789
GBP_USD,2017-11-29 22:00:00,1.337,57.4547839321401,68.47604853748994,0.012120510374659017
GBP_USD,2017-11-30 22:00:00,1.33584,56.93736396233705,61.37554087907073,0.011216408299727225
GBP_USD,2017-12-03 22:00:00,1.33199,55.22964943008714,54.19618765237985,0.011509126639781785
GBP_USD,2017-12-04 22:00:00,1.3355,56.46123245010348,52.91124914632932,0.013229301311825443
GBP_USD,2017-12-05 22:00:00,1.33308,55.374765293553736,50.65164060104238,0.012119441049460382
GBP_USD,2017-12-06 22:00:00,1.33024,54.11068258163384,47.01134526391322,0.010687552839568277
GBP_USD,2017-12-07 22:00:00,1.3312,54.47409381053908,41.08576544500074,0.011138042271654613
GBP_USD,2017-12-10 22:00:00,1.3383,57.07490249861299,42.30958435338662,0.012078433817323705
GBP_USD,2017-12-11 22:00:00,1.33008,53.41988482668672,38.80611560520935,0.010964747053858968
GBP_USD,2017-12-12 22:00:00,1.33102,53.77010927721672,34.518829379569816,0.011129797643087169
GBP_USD,2017-12-13 22:00:00,1.33307,54.54121337019727,26.26394315984294,0.010739838114469729
GBP_USD,2017-12-14 22:00:00,1.33711,56.03619606243409,26.689936315610577,0.010389870491575795
GBP_USD,2017-12-17 22:00:00,1.3332,54.24996978121197,22.167889236594846,0.008645896393260648
GBP_USD,2017-12-18 22:00:00,1.33462,54.791376888748104,17.304148598354534,0.008224717114608517
GBP_USD,2017-12-19 22:00:00,1.33478,54.853651366436004,13.188160429680288,0.007447773691686816
GBP_USD,2017-12-20 22:00:00,1.33676,55.63597813141198,17.08992464189723,0.00759821895334945
GBP_USD,2017-12-21 22:00:00,1.3393,56.63325145605514,23.598979700281713,0.00786657516267955
GBP_USD,2017-12-25 22:00:00,1.34268,57.93495151980412,34.66270683071692,0.009333260130143661
GBP_USD,2017-12-26 22:00:00,1.35021,60.656573348709074,48.969773795235064,0.01094260810411492
GBP_USD,2017-12-27 22:00:00,1.3494,60.2229806784583,57.84716049251298,0.010980086483291952
GBP_USD,2017-12-28 22:00:00,1.35056,60.63980925128025,63.236362837701186,0.010108069186633576
GBP_USD,2018-01-01 22:00:00,1.35238,61.29806487969855,64.71767457400585,0.009628455349306881
GBP_USD,2018-01-02 22:00:00,1.35229,61.24566779315654,67.93629580131409,0.00895076427944551
GBP_USD,2018-01-03 22:00:00,1.35056,60.22203856484936,67.93629580131409,0.008360611423556409
GBP_USD,2018-01-04 22:00:00,1.34816,58.81139535509056,63.23644058358395,0.00782448913884511
GBP_USD,2018-01-07 22:00:00,1.34585,57.470995280464464,56.06414968259275,0.007727591311076068
GBP_USD,2018-01-08 22:00:00,1.3533,60.47636167520687,51.71349611530882,0.011890073048860857
GBP_USD,2018-01-09 22:00:00,1.37258,66.76409031346114,60.18543061816725,0.015252058439088676
GBP_USD,2018-01-10 22:00:00,1.37419,67.21465662198509,72.29085039131705,0.013795646751270948
GBP_USD,2018-01-11 22:00:00,1.37572,67.64584791039795,77.83679894404352,0.015058517401016772
GBP_USD,2018-01-14 22:00:00,1.38044,68.94912830651018,75.97932457742222,0.015166813920813385
GBP_USD,2018-01-15 22:00:00,1.38385,69.85660532818372,74.91254256292586,0.014961451136650716
GBP_USD,2018-01-16 22:00:00,1.38573,70.3508039044487,78.52844688372433,0.015027160909320578
GBP_USD,2018-01-17 22:00:00,1.39164,71.85158110670916,80.92991492947029,0.015439728727456473
GBP_USD,2018-01-18 22:00:00,1.39972,73.73209228762508,77.14675346109497,0.019315782981965193
GBP_USD,2018-01-21 22:00:00,1.40828,75.52412449505599,74.97768966943174,0.022426626385572145
GBP_USD,2018-01-22 22:00:00,1.4109,76.04164563723222,71.88195281824086,0.022085301108457734
GBP_USD,2018-01-23 22:00:00,1.40252,71.06955067195983,69.20896194117613,0.018666240886766196
GBP_USD,2018-01-24 22:00:00,1.39797,68.5518856393147,63.98181366925663,0.01777699270941298
GBP_USD,2018-01-25 22:00:00,1.41214,71.77336395461506,63.795381219154876,0.019279594167530393
GBP_USD,2018-01-28 22:00:00,1.4159,72.54536437682806,69.01745158976803,0.018563675334024324
GBP_USD,2018-01-29 22:00:00,1.41014,69.53167158138484,73.86644354131795,0.01722494026721947
GBP_USD,2018-01-30 22:00:00,1.39543,62.65528235698065,67.2085425133476,0.014759952213775558
GBP_USD,2018-01-31 22:00:00,1.38366,57.91447859700808,54.36289744202716,0.012707961771020437
GBP_USD,2018-02-01 22:00:00,1.38488,58.25318565940925,44.298350466172586,0.013330369416816383
GBP_USD,2018-02-04 22:00:00,1.38456,58.12625186456398,39.312709979350075,0.015032295533453078
GBP_USD,2018-02-05 22:00:00,1.37648,54.99604062148441,28.027074223193335,0.014865836426762463
GBP_USD,2018-02-06 22:00:00,1.37958,55.93780242267048,14.638888279940192,0.01413266914140999
GBP_USD,2018-02-07 22:00:00,1.38322,57.030042769391564,4.2292966140929025,0.013886135313127976
GBP_USD,2018-02-08 22:00:00,1.38007,55.79194207373046,1.7876679938906115,0.0148129082505024
GBP_USD,2018-02-11 22:00:00,1.39938,61.14166657678833,13.011665149851844,0.017936326600401956
GBP_USD,2018-02-12 22:00:00,1.39966,61.2120751495361,22.213902408585948,0.017377061280321553
GBP_USD,2018-02-13 22:00:00,1.39592,59.71695581162219,32.104080868588525,0.01496164902425726
GBP_USD,2018-02-14 22:00:00,1.39312,58.608272870563276,28.197928366404483,0.013269319219405799
GBP_USD,2018-02-15 22:00:00,1.39041,57.53871477823875,22.4260576563084,0.012179455375524673
GBP_USD,2018-02-18 22:00:00,1.38566,55.695758003982384,16.351401740308948,0.011445564300419743
GBP_USD,2018-02-19 22:00:00,1.39044,57.12535323578489,15.515724414912777,0.012136451440335823
GBP_USD,2018-02-20 22:00:00,1.3928,57.82050010281775,18.056643097220164,0.013019161152268671
GBP_USD,2018-02-21 22:00:00,1.38582,55.087763150714295,18.248696521677,0.011791328921814937
GBP_USD,2018-02-22 22:00:00,1.37564,51.42108465799629,7.678022998357288,0.010599063137451951
GBP_USD,2018-02-25 22:00:00,1.37122,49.92841661603916,-3.5312562531576766,0.009065250509961582
GBP_USD,2018-02-26 22:00:00,1.37557,51.36574021481618,-7.005235984715739,0.009354200407969226
GBP_USD,2018-02-27 22:00:00,1.3767,51.738029659292245,-2.238735371628948,0.009919360326375398
GBP_USD,2018-02-28 22:00:00,1.38164,53.352889814451416,5.728047309621814,0.011195488261100315
GBP_USD,2018-03-01 22:00:00,1.38465,54.31639279564906,13.53280027512671,0.010890390608880265
GBP_USD,2018-03-04 22:00:00,1.37815,51.92065861377358,14.779468661335939,0.00998631248710421
GBP_USD,2018-03-05 22:00:00,1.3788,52.13903837464289,12.337718166967477,0.010151049989683365
GBP_USD,2018-03-06 22:00:00,1.38414,53.91788079053405,11.899234803542141,0.010708839991746683
GBP_USD,2018-03-07 22:00:00,1.38744,54.98739400039041,19.886510188289822,0.011623071993397382
GBP_USD,2018-03-08 22:00:00,1.3925,56.5856517871883,31.66537700971537,0.011718457594717907
GBP_USD,2018-03-11 21:00:00,1.39213,56.43407644474086,38.534949703379,0.0106587660757743
GBP_USD,2018-03-12 21:00:00,1.38886,55.085035429356196,42.47269950904976,0.009725012860619428
GBP_USD,2018-03-13 21:00:00,1.39126,55.88569865733642,43.69558582600371,0.011776010288495564
GBP_USD,2018-03-14 21:00:00,1.39826,58.13732269685139,52.288063297410254,0.012496808230796443
GBP_USD,2018-03-15 21:00:00,1.39968,58.580962026013076,58.60161464257914,0.013353446584637158
GBP_USD,2018-03-18 21:00:00,1.40766,60.98464093050818,65.87673377651966,0.015186757267709702
GBP_USD,2018-03-19 21:00:00,1.40852,61.235442409406176,66.71752819580199,0.014061405814167765
GBP_USD,2018-03-20 21:00:00,1.41312,62.56691651566674,72.00438029718319,0.014431124651334231
GBP_USD,2018-03-21 21:00:00,1.4066,59.566950853835635,70.225216510972,0.013808899721067386
GBP_USD,2018-03-22 21:00:00,1.40708,59.7140607616683,68.15751123702869,0.013747119776853878
GBP_USD,2018-03-25 21:00:00,1.40105,57.01807667170501,59.425492565688955,0.011513695821483065
GBP_USD,2018-03-26 21:00:00,1.40113,57.044693326672665,54.03972094763486,0.010220956657186453
GBP_USD,2018-03-27 21:00:00,1.40212,57.382543094517324,48.813118209183955,0.009506765325749171
GBP_USD,2018-03-28 21:00:00,1.40212,57.382543094517324,48.17827490750894,0.00896541226059932
GBP_USD,2018-03-29 21:00:00,1.4015,57.08165406147993,48.190739037105324,0.00867232980847947
GBP_USD,2018-04-01 21:00:00,1.39654,54.70761640144468,43.91291015026069,0.008583863846783567
GBP_USD,2018-04-02 21:00:00,1.39832,55.396305908418064,38.705162209644264,0.009695091077426863
GBP_USD,2018-04-03 21:00:00,1.40784,58.85752364309572,39.88214399553694,0.011388072861941483
GBP_USD,2018-04-04 21:00:00,1.4121,60.284174155970945,47.99390517174368,0.01130045828955319
GBP_USD,2018-04-05 21:00:00,1.41606,61.56577887170939,61.29639882974049,0.011094366631642552
GBP_USD,2018-04-08 21:00:00,1.41452,60.776778931445264,66.82952739823084,0.01060749330531402
GBP_USD,2018-04-09 21:00:00,1.42209,63.176501598740614,73.04841796783296,0.011505994644251196
GBP_USD,2018-04-10 21:00:00,1.42304,63.46667525238248,71.10739808376424,0.011678795715400956
GBP_USD,2018-04-11 21:00:00,1.42826,65.0329297549543,73.705452142336,0.01227303657232073
GBP_USD,2018-04-12 21:00:00,1.41724,59.465291202133876,62.658588478381624,0.010470429257856548
GBP_USD,2018-04-15 21:00:00,1.40686,54.886583419459384,46.320914801567135,0.009848343406285246
GBP_USD,2018-04-16 21:00:00,1.39949,51.948617441537074,20.77910579902623,0.00837067472502818
GBP_USD,2018-04-17 21:00:00,1.39262,49.39879786571859,-1.018149623727301,0.007422539780022549
GBP_USD,2018-04-18 21:00:00,1.39178,49.094001562559775,-8.574476607096793,0.007152031824018044
GBP_USD,2018-04-19 21:00:00,1.39238,49.32503878826083,-9.150315411347398,0.007309625459214446
GBP_USD,2018-04-22 21:00:00,1.38945,48.21949665031251,-5.028745024743592,0.007327700367371572
GBP_USD,2018-04-23 21:00:00,1.37472,43.18559054032409,-15.797671929345745,0.0066721602938972354
GBP_USD,2018-04-24 21:00:00,1.37124,42.11115746072442,-18.11020964516299,0.006257728235117821
GBP_USD,2018-04-25 21:00:00,1.35886,38.57888021664278,-25.118073429526792,0.006230182588094237
GBP_USD,2018-04-26 21:00:00,1.35555,37.70414362930875,-15.415173886473768,0.0065461460704754094
GBP_USD,2018-04-29 21:00:00,1.35377,37.23447860853806,-13.734488515159297,0.006710916856380303
GBP_USD,2018-04-30 21:00:00,1.34868,35.91120353277499,-7.8715323155195955,0.00633073348510424
GBP_USD,2018-05-01 21:00:00,1.35151,37.194984963760305,-6.022542030700485,0.006840586788083392
GBP_USD,2018-05-02 21:00:00,1.34844,36.37724729675904,-6.276834488738488,0.007050469430466705
GBP_USD,2018-05-03 21:00:00,1.34992,37.06725334691424,-4.048070841239647,0.00810037554437336
GBP_USD,2018-05-06 21:00:00,1.34599,35.99490576669102,-6.230234029095423,0.00885830043549868
GBP_USD,2018-05-07 21:00:00,1.3502,37.983140880034256,-5.061127600248232,0.009808640348398925
GBP_USD,2018-05-08 21:00:00,1.35396,39.71336843026118,-3.0110355017830988,0.009974912278719137
GBP_USD,2018-05-09 21:00:00,1.34518,37.20590149279629,-3.0436538392454953,0.008627929822975292
GBP_USD,2018-05-10 21:00:00,1.34554,37.373622331241116,-4.600958799858842,0.008278343858380232
GBP_USD,2018-05-13 21:00:00,1.34742,38.264426593687695,-5.7790021846025965,0.008888675086704198
GBP_USD,2018-05-14 21:00:00,1.34548,37.69210189572932,-4.556420458912288,0.008194940069363355
GBP_USD,2018-05-15 21:00:00,1.33912,35.872455401908795,-6.680356385994423,0.007139952055490691
GBP_USD,2018-05-16 21:00:00,1.3413,36.95173127537647,-7.1865570993219405,0.007731961644392552
GBP_USD,2018-05-17 21:00:00,1.33052,34.02258730223956,-12.7855866057878,0.006781569315514039
GBP_USD,2018-05-20 21:00:00,1.33412,35.78121933626859,-8.324527415756762,0.0077692554524112665
GBP_USD,2018-05-21 21:00:00,1.32934,34.51745212631309,-10.851597170053452,0.007207404361929029
GBP_USD,2018-05-22 21:00:00,1.32967,34.682212478804814,-5.175601915326829,0.006725923489543251
GBP_USD,2018-05-23 21:00:00,1.32046,32.33340443765293,-14.892389692483432,0.005946738791634623
GBP_USD,2018-05-24 21:00:00,1.32423,34.2198343324949,-11.697951985499081,0.006821391033307721
GBP_USD,2018-05-27 21:00:00,1.32773,35.93511943287973,-7.251724891753732,0.007579112826646179
GBP_USD,2018-05-28 21:00:00,1.32544,35.311882872051655,3.20879048396908,0.007753290261316913
GBP_USD,2018-05-29 21:00:00,1.32948,37.29657980994951,7.90322580645148,0.009090632209053533
GBP_USD,2018-05-30 21:00:00,1.33028,37.68820608555161,10.188172043010473,0.009556505767242825
GBP_USD,2018-05-31 21:00:00,1.33857,41.5983564784657,21.953405017920975,0.010457204613794298
GBP_USD,2018-06-03 21:00:00,1.33701,41.096338053333284,28.998198981615715,0.010107763691035438
GBP_USD,2018-06-04 21:00:00,1.33543,40.58318681963333,33.872471476043465,0.009480210952828335
GBP_USD,2018-06-05 21:00:00,1.33446,40.263889055789605,31.438175932739554,0.009332168762262706
GBP_USD,2018-06-06 21:00:00,1.33419,40.17287720341113,29.92832209485947,0.009069735009810148
GBP_USD,2018-06-07 21:00:00,1.33082,39.03364887007532,26.390019442241172,0.008205788007848125
GBP_USD,2018-06-10 21:00:00,1.32564,37.349480444912075,17.531554671839142,0.009340630406278524
GBP_USD,2018-06-11 21:00:00,1.32118,35.96724538800386,2.9870073257174403,0.008318504325022855
GBP_USD,2018-06-12 21:00:00,1.32262,36.74908032516599,-6.124988958704372,0.008106803460018294
GBP_USD,2018-06-13 21:00:00,1.31507,34.466540818848145,-21.368538137751894,0.007425442768014665
GBP_USD,2018-06-14 21:00:00,1.31454,34.31177778898238,-20.572815379474562,0.0072863542144117575
GBP_USD,2018-06-17 21:00:00,1.3102,33.054483292299395,-26.146254921668433,0.008313083371529383
GBP_USD,2018-06-18 21:00:00,1.32378,40.15302728602176,-5.151554942142585,0.010918466697223489
GBP_USD,2018-06-19 21:00:00,1.32213,39.62491825930804,3.81465275440399,0.009798773357778791
GBP_USD,2018-06-20 21:00:00,1.3192,38.69013174518935,13.912262986648868,0.009249018686223033
GBP_USD,2018-06-21 21:00:00,1.31062,36.109597477475376,-0.8526870862783218,0.00823521494897844
GBP_USD,2018-06-24 21:00:00,1.305,34.548221814219715,-12.134728886460623,0.006912171959182788
GBP_USD,2018-06-25 21:00:00,1.30682,35.48280627680303,-14.63590020811593,0.008813737567346252
GBP_USD,2018-06-26 21:00:00,1.3095,36.856260124254725,-5.25820370006038,0.009854990053876987
GBP_USD,2018-06-27 21:00:00,1.31148,37.86717217683258,4.151958312321535,0.010123992043101566
GBP_USD,2018-06-28 21:00:00,1.31712,40.66629350401787,12.808875441250741,0.010811193634481256
GBP_USD,2018-07-01 21:00:00,1.3204,42.23198448026784,22.71745108503187,0.010722954907585003
GBP_USD,2018-07-02 21:00:00,1.32036,42.21793012554069,30.925923205934406,0.010312363926067995
GBP_USD,2018-07-03 21:00:00,1.31886,41.67984615677846,33.04566702624947,0.011427891140854388
GBP_USD,2018-07-04 21:00:00,1.3223,43.391535441960336,34.75368572455944,0.011408312912683523
GBP_USD,2018-07-05 21:00:00,1.31998,42.520850540610205,34.412081984897405,0.01038265033014683
GBP_USD,2018-07-08 21:00:00,1.31802,41.78802734282937,36.41631383459659,0.009214120264117462
GBP_USD,2018-07-09 21:00:00,1.31025,39.02949309250296,26.28167811541877,0.008563296211293963
GBP_USD,2018-07-10 21:00:00,1.32168,44.595223731915134,31.540342298288394,0.010662636969035187
GBP_USD,2018-07-11 21:00:00,1.30686,39.730565290580955,18.546978693677744,0.009566109575228141
GBP_USD,2018-07-12 21:00:00,1.30096,38.02239734979298,7.7308184887644344,0.008718887660182525
GBP_USD,2018-07-15 21:00:00,1.29572,36.57754679462827,-21.74769978676795,0.008443110128146046
GBP_USD,2018-07-16 21:00:00,1.29952,38.33544845744436,-22.925100127825473,0.01041848810251686
GBP_USD,2018-07-17 21:00:00,1.30814,42.10133324766696,-8.926416683006833,0.01160079048201348
GBP_USD,2018-07-18 21:00:00,1.30714,41.79501565846101,9.463236002698245,0.010852632385610779
GBP_USD,2018-07-19 21:00:00,1.31332,44.382053424900654,22.761877228486117,0.011282105908488648
GBP_USD,2018-07-22 21:00:00,1.3106,43.50170904287609,25.13250457743082,0.010621684726790894
GBP_USD,2018-07-23 21:00:00,1.30824,42.74076305354336,26.19254119687777,0.009007347781432726
GBP_USD,2018-07-24 21:00:00,1.30972,43.38325162305494,22.72333044232438,0.008597878225146153
GBP_USD,2018-07-25 21:00:00,1.30892,43.11274552590121,21.104365423532908,0.00839630258011692
GBP_USD,2018-07-26 21:00:00,1.30952,43.386624397339816,22.33786258070738,0.007829042064093537
GBP_USD,2018-07-29 21:00:00,1.30147,40.669085030286695,14.387587934855866,0.006947233651274826
GBP_USD,2018-07-30 21:00:00,1.29755,39.42512478284974,3.6770058291218066,0.006131786921019847
GBP_USD,2018-07-31 21:00:00,1.29202,37.74046700551632,-14.422543936842073,0.005687429536815895
GBP_USD,2018-08-01 21:00:00,1.29234,37.89931550095752,-16.781901821448255,0.005625943629452748
GBP_USD,2018-08-02 21:00:00,1.28536,35.83618042562112,-21.22389105572024,0.005238754903562194
GBP_USD,2018-08-05 21:00:00,1.28182,34.84109762235606,-15.72261160196652,0.005357003922849756
GBP_USD,2018-08-06 21:00:00,1.2723,32.34265106074686,-20.767006899399863,0.004667603138279821
GBP_USD,2018-08-07 21:00:00,1.27301,32.714907098130254,-13.783303160853459,0.005102082510623849
GBP_USD,2018-08-08 21:00:00,1.27042,32.04946206153892,-11.930663013303784,0.006043666008499099
GBP_USD,2018-08-09 21:00:00,1.26618,30.982207056602036,-8.522388886637932,0.005464932806799277
GBP_USD,2018-08-12 21:00:00,1.26853,32.27527097757239,-8.318301715077247,0.006223946245439387
GBP_USD,2018-08-13 21:00:00,1.26957,32.85122229035878,-5.439626731659472,0.006353156996351541
GBP_USD,2018-08-14 21:00:00,1.27296,34.72314257541677,0.6500260010402586,0.00715652559708123
GBP_USD,2018-08-15 21:00:00,1.27936,38.093596138963235,7.689807592303986,0.009637220477664944
GBP_USD,2018-08-16 21:00:00,1.28684,41.731157920457214,18.915756630265438,0.010575776382131946
GBP_USD,2018-08-19 21:00:00,1.28048,39.68033166071073,24.377627251421416,0.009500621105705575
GBP_USD,2018-08-20 21:00:00,1.27995,39.51293386967107,25.305750018116722,0.009126496884564466
GBP_USD,2018-08-21 21:00:00,1.2829,40.94737600179703,23.451046732924578,0.00934119750765157
GBP_USD,2018-08-22 21:00:00,1.28622,42.53398857726925,28.22384865656497,0.009536958006121279
GBP_USD,2018-08-23 21:00:00,1.28459,41.96138470486434,32.54010901095394,0.011043566404897051
GBP_USD,2018-08-26 21:00:00,1.29851,48.130274451627706,51.13231512959273,0.012784853123917674
GBP_USD,2018-08-27 21:00:00,1.29442,46.623990875670344,62.68508984026212,0.011109882499134143
GBP_USD,2018-08-28 21:00:00,1.28546,43.5362066322027,66.36557886557883,0.009511905999307319
GBP_USD,2018-08-29 21:00:00,1.28101,42.103583942400086,49.36868686868684,0.008041524799445844
GBP_USD,2018-08-30 21:00:00,1.27861,41.344528032996024,34.01320901320915,0.009895219839556664
GBP_USD,2018-09-02 21:00:00,1.28966,45.9828477212444,38.0924630924632,0.011446175871645321
GBP_USD,2018-09-03 21:00:00,1.29082,46.442775010942555,47.62043512043528,0.01180094069731626
GBP_USD,2018-09-04 21:00:00,1.28971,46.054607816263015,57.92322261072263,0.012320752557853002
GBP_USD,2018-09-05 21:00:00,1.29626,48.67330651827025,61.40243493470029,0.013674602046282413
GBP_USD,2018-09-06 21:00:00,1.298,49.34900104085649,65.25061242908717,0.013387681637025937
GBP_USD,2018-09-09 21:00:00,1.30262,51.1166029961145,71.82801166722926,0.013614145309620723
GBP_USD,2018-09-10 21:00:00,1.30566,52.25087379502231,75.15449679997107,0.013271316247696584
GBP_USD,2018-09-11 21:00:00,1.3069,52.713852128895404,75.79132062927762,0.01278505299815726
GBP_USD,2018-09-12 21:00:00,1.31186,54.53786667975398,78.76747198387336,0.012320042398525837
GBP_USD,2018-09-13 21:00:00,1.30966,53.58936686636777,76.30417988536063,0.011788033918820672
GBP_USD,2018-09-16 21:00:00,1.31342,54.97386444105403,73.5744463546708,0.013474427135056519
GBP_USD,2018-09-17 21:00:00,1.3055,51.618492875870224,60.81219081441791,0.013633541708045217
GBP_USD,2018-09-18 21:00:00,1.30634,51.94033468145084,52.89846849021121,0.013156833366436171
GBP_USD,2018-09-19 21:00:00,1.30954,53.16805434957733,48.86892418980211,0.013145466693148916
GBP_USD,2018-09-20 21:00:00,1.31385,54.77766917195302,54.62394910247665,0.012976373354519129
GBP_USD,2018-09-23 21:00:00,1.30738,52.002106941814766,55.411648867681485,0.011205098683615328
GBP_USD,2018-09-24 21:00:00,1.30006,49.09086586962875,48.2314625463909,0.009300078946892243
GBP_USD,2018-09-25 21:00:00,1.30123,49.557793253772054,38.67302885707795,0.009796063157513775
GBP_USD,2018-09-26 21:00:00,1.29414,46.86334088428146,28.645004923123583,0.00856285052601098
GBP_USD,2018-09-27 21:00:00,1.29235,46.20719827661213,19.71944587053825,0.008484280420808786
GBP_USD,2018-09-30 21:00:00,1.29221,46.15491278566669,8.050293539239743,0.009149424336647005
GBP_USD,2018-10-01 21:00:00,1.30031,49.570286965256614,8.92625910557399,0.011341539469317576
GBP_USD,2018-10-02 21:00:00,1.30286,50.59093789272666,15.474549033172018,0.011675231575454054
GBP_USD,2018-10-03 21:00:00,1.3033,50.76879325837368,24.286774068668294,0.011768185260363252
GBP_USD,2018-10-04 21:00:00,1.31341,54.64911604505042,35.26422764227616,0.01307654820829061
GBP_USD,2018-10-07 21:00:00,1.31822,56.342680078076306,49.454915003695305,0.012817238566632513
GBP_USD,2018-10-08 21:00:00,1.31458,54.74231670861666,59.876201034737626,0.011777790853306004
GBP_USD,2018-10-09 21:00:00,1.30843,52.1531578375295,55.275314116777544,0.011368232682644808
GBP_USD,2018-10-10 21:00:00,1.31406,54.20439494271952,51.432002956393255,0.01214858614611587
GBP_USD,2018-10-11 21:00:00,1.30996,52.50853037729695,47.16371027346636,0.010770868916892705
GBP_USD,2018-10-14 21:00:00,1.30162,49.265121690942266,41.339001207550055,0.009256695133514183
GBP_USD,2018-10-15 21:00:00,1.30118,49.09959820158383,30.2992393799011,0.009173356106811338
GBP_USD,2018-10-16 21:00:00,1.29569,47.058782959910154,17.335745853239533,0.00891668488544906
GBP_USD,2018-10-17 21:00:00,1.2937,46.33658908426542,9.540158135663695,0.008895347908359247
GBP_USD,2018-10-18 21:00:00,1.28674,43.89907092946985,-5.482729920932306,0.008236278326687363
GBP_USD,2018-10-21 21:00:00,1.27964,41.59026287478556,-15.160464841833196,0.0076430226613499125
GBP_USD,2018-10-22 21:00:00,1.27769,40.977937697207864,-17.977894977964052,0.00702641812907991
GBP_USD,2018-10-23 21:00:00,1.27914,41.638890786714974,-12.462591042978055,0.007147134503263933
GBP_USD,2018-10-24 21:00:00,1.2696,38.690000459488616,-12.127188792558194,0.006133707602611164
GBP_USD,2018-10-25 21:00:00,1.26976,38.76524107613405,-9.511642496217023,0.007610966082088927
GBP_USD,2018-10-28 21:00:00,1.27606,41.68050968832707,-4.208864001548501,0.01285677286567116
GBP_USD,2018-10-29 21:00:00,1.29521,49.27432278478091,18.127286905404578,0.015893418292536942
GBP_USD,2018-10-30 21:00:00,1.29644,49.70942607349671,34.13112590726414,0.014794734634029548
GBP_USD,2018-10-31 21:00:00,1.30214,51.69571829378887,49.77505848479408,0.014705787707223613
GBP_USD,2018-11-01 21:00:00,1.30731,53.42186456055118,57.03317137544252,0.014838630165778868
GBP_USD,2018-11-04 22:00:00,1.30448,52.36229424939733,61.855917461460194,0.013408904132623089
GBP_USD,2018-11-05 22:00:00,1.29581,49.265518779435766,58.67250820233119,0.011305123306098439
GBP_USD,2018-11-06 22:00:00,1.28272,45.09962854984756,44.22145694112795,0.00991009864487874
GBP_USD,2018-11-07 22:00:00,1.28397,45.55442905820891,33.01101997278247,0.012344078915902968
GBP_USD,2018-11-08 22:00:00,1.28802,47.02532591241114,29.602096244415304,0.014539263132722377
GBP_USD,2018-11-11 22:00:00,1.27234,42.43390646423757,23.295550831304237,0.014633410506177896
GBP_USD,2018-11-12 22:00:00,1.27586,43.71024067171326,17.929720575783204,0.014802728404942305
GBP_USD,2018-11-13 22:00:00,1.27942,44.98638106722184,11.861416878351685,0.01436618272395386
GBP_USD,2018-11-14 22:00:00,1.27763,44.462074763960025,15.594129268981112,0.013288946179163087
GBP_USD,2018-11-15 22:00:00,1.27645,44.111478031550746,16.010443127293343,0.011493156943330477
GBP_USD,2018-11-18 22:00:00,1.27699,44.319331649542875,14.29579452441447,0.012468525554664382
GBP_USD,2018-11-19 22:00:00,1.27986,45.43506395562229,15.869319785492623,0.012236820443731491
GBP_USD,2018-11-20 22:00:00,1.27953,45.32702805086267,18.042619249223907,0.0111054563549852
GBP_USD,2018-11-21 22:00:00,1.27255,43.08535934691889,14.909681061247612,0.009366365083988165
GBP_USD,2018-11-22 22:00:00,1.27328,43.38826775058966,7.567839820982441,0.00993309206719053
GBP_USD,2018-11-25 22:00:00,1.27553,44.33291297814048,2.183783097448395,0.010290473653752415
GBP_USD,2018-11-26 22:00:00,1.2735,43.653061918311714,0.16865992026993956,0.009306378923001906
GBP_USD,2018-11-27 22:00:00,1.2699,42.45857166516297,-2.422569763875983,0.00924310313840149
GBP_USD,2018-11-28 22:00:00,1.26582,41.13879517892115,-8.570669853962125,0.010222482510721201
GBP_USD,2018-11-29 22:00:00,1.26718,41.76301263445791,-11.806199212653295,0.010977986008576964
GBP_USD,2018-12-02 22:00:00,1.26992,43.02236167916855,-10.49080049451714,0.011606388806861597
GBP_USD,2018-12-03 22:00:00,1.27096,43.50207934752855,-6.368360620960115,0.011211111045489284
GBP_USD,2018-12-04 22:00:00,1.25066,37.181036702324825,-20.926532381636836,0.010060888836391432
GBP_USD,2018-12-05 22:00:00,1.24801,36.465496679928165,-24.617071388279,0.010710711069113133
GBP_USD,2018-12-06 22:00:00,1.24764,36.3644159988166,-24.304366213917746,0.012434568855290477
GBP_USD,2018-12-09 22:00:00,1.261,42.33511836063995,3.264532841650688,0.014173655084232357
GBP_USD,2018-12-10 22:00:00,1.25293,39.990497990388505,12.097038122196691,0.012510924067385926
GBP_USD,2018-12-11 22:00:00,1.2573,41.796232959129455,19.242355776472582,0.012368739253908705
GBP_USD,2018-12-12 22:00:00,1.26101,43.294787981963744,19.249887031179664,0.012558991403126964
GBP_USD,2018-12-13 22:00:00,1.26066,43.186274242527226,25.071546919716912,0.011431193122501581
GBP_USD,2018-12-16 22:00:00,1.261,43.329013690639485,28.92372116300761,0.011168954498001291
GBP_USD,2018-12-17 22:00:00,1.26183,43.6863088803018,31.224535381507565,0.010691163598401035
GBP_USD,2018-12-18 22:00:00,1.26352,44.42435378835955,35.79631286839659,0.01097293087872083
GBP_USD,2018-12-19 22:00:00,1.26318,44.30351053650535,38.73540415532188,0.010464344702976651
GBP_USD,2018-12-20 22:00:00,1.26158,43.724494747489366,38.968166849615955,0.009267475762381329
GBP_USD,2018-12-23 22:00:00,1.26358,44.65974258128974,39.39480754451732,0.009265980609905073
GBP_USD,2018-12-25 22:00:00,1.2681,46.72952903597249,44.378985640864435,0.011000784487924072
GBP_USD,2018-12-26 22:00:00,1.25812,43.05171172703305,41.450582487786484,0.010658627590339262
GBP_USD,2018-12-27 22:00:00,1.24555,39.047475397655596,24.29525225935213,0.009854902072271451
GBP_USD,2018-12-30 22:00:00,1.26158,45.70906809886386,19.10496774699636,0.013667921657817174
GBP_USD,2019-01-01 22:00:00,1.27138,49.2190358770869,33.201860841423986,0.014354337326253764
GBP_USD,2019-01-02 22:00:00,1.27066,48.97837258045712,58.59627831715202,0.01316746986100303
GBP_USD,2019-01-03 22:00:00,1.27108,49.12847633499839,68.20388349514559,0.012485975888802424
GBP_USD,2019-01-06 22:00:00,1.27283,49.765493889099325,69.67030744336562,0.011812780711041942
GBP_USD,2019-01-07 22:00:00,1.27096,49.0860377199524,60.97460229266582,0.012212224568833575
GBP_USD,2019-01-08 22:00:00,1.28188,52.96535488329474,60.166470197480066,0.01420977965506686
GBP_USD,2019-01-09 22:00:00,1.2668,47.76611051018022,42.3930304045684,0.013315823724053506
GBP_USD,2019-01-10 22:00:00,1.28248,52.75467050628661,51.21477667602198,0.015248658979242807
GBP_USD,2019-01-13 22:00:00,1.28322,52.97393604594455,48.418899263666106,0.015722927183394242
GBP_USD,2019-01-14 22:00:00,1.28569,53.715646150442005,62.89082904604556,0.015826341746715402
GBP_USD,2019-01-15 22:00:00,1.28308,52.80523131570473,59.468076180887635,0.013751073397372313
GBP_USD,2019-01-16 22:00:00,1.28552,53.56633540832665,61.39776826915005,0.01389685871789786
GBP_USD,2019-01-17 22:00:00,1.2942,56.16767956755083,63.79518598900364,0.015627486974318303
GBP_USD,2019-01-20 22:00:00,1.30119,58.12215358185746,72.44808330585307,0.015557989579454635
GBP_USD,2019-01-21 22:00:00,1.30566,59.32206165751524,75.92671849476763,0.0165663916635637
GBP_USD,2019-01-22 22:00:00,1.31372,61.3858307664067,81.2395603204533,0.016381113330850936
GBP_USD,2019-01-23 22:00:00,1.30556,58.288663605107274,78.05817866058833,0.014364890664680743
GBP_USD,2019-01-24 22:00:00,1.30543,58.24023565547259,77.93335504178883,0.013283912531744567
GBP_USD,2019-01-27 22:00:00,1.30979,59.410259342350365,75.49524148399628,0.012753130025395638
GBP_USD,2019-01-28 22:00:00,1.30437,57.344111027328275,72.61295670905129,0.010544504020316531
GBP_USD,2019-01-29 22:00:00,1.30295,56.8086512680663,68.84826823685957,0.009627603216253219
GBP_USD,2019-01-30 22:00:00,1.29249,53.03495602862259,56.00295282195831,0.008188082573002561
GBP_USD,2019-01-31 22:00:00,1.29255,53.05346144003225,46.99988359122084,0.007636466058402059
GBP_USD,2019-02-03 22:00:00,1.28544,50.608945320630994,33.91792340416303,0.007531172846721637
GBP_USD,2019-02-04 22:00:00,1.29216,52.73812849337182,26.27479420625363,0.008456938277377344
GBP_USD,2019-02-05 22:00:00,1.28449,50.18379513823418,12.440907928301016,0.007109550621901864
GBP_USD,2019-02-06 22:00:00,1.28326,49.78378246113545,2.5101978918465724,0.006977640497521505
GBP_USD,2019-02-07 22:00:00,1.28452,50.204402435303585,-4.67366114549689,0.00811211239801717
GBP_USD,2019-02-10 22:00:00,1.27733,47.83897638234941,-10.167819170483961,0.007145689918413727
GBP_USD,2019-02-11 22:00:00,1.27848,48.24246691481632,-9.416602262905828,0.00821455193473096
GBP_USD,2019-02-12 22:00:00,1.28918,51.829055786698426,-1.2079355038769817,0.009647641547784759
GBP_USD,2019-02-13 22:00:00,1.28962,51.970637448842226,12.886847195357952,0.01134211323822779
GBP_USD,2019-02-14 22:00:00,1.30123,55.537744458237,31.221792392005284,0.013339690590582248
GBP_USD,2019-02-17 22:00:00,1.30264,55.94877815202081,42.06963249516455,0.012333752472465763
GBP_USD,2019-02-18 22:00:00,1.29684,53.8311404899173,48.04702073865082,0.010955001977972589
GBP_USD,2019-02-19 22:00:00,1.30509,56.26682622885744,52.04646116680471,0.011684001582378062
GBP_USD,2019-02-20 22:00:00,1.31157,58.06444984871413,55.597432022157484,0.014093201265902413
GBP_USD,2019-02-21 22:00:00,1.32336,61.07585319063129,68.4271240838924,0.015964561012721968
GBP_USD,2019-02-24 22:00:00,1.32538,61.56503899866155,75.1113345606908,0.014489648810177549
GBP_USD,2019-02-25 22:00:00,1.31719,58.48231197530578,76.10673505526042,0.012239719048142021
GBP_USD,2019-02-26 22:00:00,1.31668,58.29427798199018,72.02784392745923,0.011457775238513608
GBP_USD,2019-02-27 22:00:00,1.30977,55.78050858973891,62.49618367222331,0.009804220190810892
GBP_USD,2019-02-28 22:00:00,1.31242,56.52427645097731,59.58356231299992,0.009513376152648686
GBP_USD,2019-03-03 22:00:00,1.30685,54.52997173769101,53.581241985711664,0.008824700922118952
GBP_USD,2019-03-04 22:00:00,1.29904,51.87515232665974,47.02937045856988,0.007859760737695162
GBP_USD,2019-03-05 22:00:00,1.29607,50.90027820930984,37.04585699456559,0.010231808590156167
GBP_USD,2019-03-06 22:00:00,1.30054,52.296060648390586,33.19289247114859,0.01476144687212494
GBP_USD,2019-03-07 22:00:00,1.30609,53.97651573590951,36.6301101163838,0.01934515749769994
GBP_USD,2019-03-10 21:00:00,1.32075,58.017653180987864,50.336750279997965,0.021004125998159973
GBP_USD,2019-03-11 21:00:00,1.32032,57.863487935708655,58.74406569145483,0.018655300798527945
GBP_USD,2019-03-12 21:00:00,1.31846,57.183556332864654,62.854378850226915,0.016868240638822345
GBP_USD,2019-03-13 21:00:00,1.32413,58.71345454132823,61.45341336531454,0.0160265925110579
GBP_USD,2019-03-14 21:00:00,1.31466,55.29945860005866,54.90809584076857,0.013483274008846306
GBP_USD,2019-03-17 21:00:00,1.30044,50.718419947482914,38.55490387748471,0.012392619207077042
GBP_USD,2019-03-18 21:00:00,1.30814,52.903878649426346,25.529488432714498,0.01429609536566161
GBP_USD,2019-03-19 21:00:00,1.31604,55.02091455665883,26.65363310524639,0.014736876292529281
GBP_USD,2019-03-20 21:00:00,1.31578,54.93683774135924,39.14956011730234,0.013811501034023394
GBP_USD,2019-03-21 21:00:00,1.31667,55.17936822752868,46.098077549690665,0.013277200827218746
GBP_USD,2019-03-24 21:00:00,1.30352,50.98518253674189,35.899315738025585,0.01156976066177499
GBP_USD,2019-03-25 21:00:00,1.29778,49.29330748523381,21.236559139785125,0.01127180852942001
GBP_USD,2019-03-26 21:00:00,1.301,50.25132416285569,8.471814923427965,0.012453446823536003
GBP_USD,2019-03-27 21:00:00,1.3014,50.37181763854985,6.744868035190657,0.012762757458828806
GBP_USD,2019-03-28 21:00:00,1.3121,53.4891514664479,18.40990550667981,0.01385020596706309
GBP_USD,2019-03-31 21:00:00,1.30603,51.58751405265473,22.5073313782993,0.012480164773650453
GBP_USD,2019-04-01 21:00:00,1.29874,49.40529859687575,20.34050179211497,0.011226131818920373
GBP_USD,2019-04-02 21:00:00,1.30301,50.669715380456154,7.340142836261578,0.010716905455136304
GBP_USD,2019-04-03 21:00:00,1.30308,50.6906135493774,-0.6474623381841087,0.010403524364109042
GBP_USD,2019-04-04 21:00:00,1.30451,51.12815040751361,-1.2266453310292713,0.010110819491287223
GBP_USD,2019-04-07 21:00:00,1.30504,51.29385399098615,1.019560737883032,0.009364655593029788
GBP_USD,2019-04-08 21:00:00,1.30506,51.3002997905329,3.222184378541844,0.009139724474423835
GBP_USD,2019-04-09 21:00:00,1.3071,51.970987145730625,6.460329157455457,0.008683779579539043
GBP_USD,2019-04-10 21:00:00,1.30428,50.96723360548698,5.584695189793426,0.007557023663631234
GBP_USD,2019-04-11 21:00:00,1.3029,50.4737362688816,2.6889285267030374,0.0065356189309049555
GBP_USD,2019-04-14 21:00:00,1.29792,48.71293022940557,-9.948633560546307,0.005702495144723962
GBP_USD,2019-04-15 21:00:00,1.29838,48.883326620884496,-11.017748162909243,0.005177996115779164
GBP_USD,2019-04-16 21:00:00,1.29942,49.277468147611096,-8.853198820940667,0.004402396892623303
GBP_USD,2019-04-17 21:00:00,1.29756,48.58437895136843,-1.6666666666667458,0.0036179175140986495
GBP_USD,2019-04-18 21:00:00,1.2928,46.840255335997185,-8.761392067593718,0.003768334011278917
GBP_USD,2019-04-21 21:00:00,1.2888,45.422732199694565,-15.832008216340755,0.0037226672090231536
GBP_USD,2019-04-22 21:00:00,1.2866,44.653857047119274,-18.57668003983355,0.003554133767218522
GBP_USD,2019-04-23 21:00:00,1.28766,45.116906733552334,-12.5507498989461,0.004395307013774816
GBP_USD,2019-04-24 21:00:00,1.2905,46.36073041423722,-4.670939104598882,0.00492424561101984
GBP_USD,2019-04-25 21:00:00,1.29264,47.29187368374555,3.5080413821182606,0.006815396488815884
GBP_USD,2019-04-28 21:00:00,1.30301,51.511380677175815,24.324709024693465,0.008970317191052707
GBP_USD,2019-04-29 21:00:00,1.30183,51.03049655807804,40.39048963935543,0.008182253752842183
GBP_USD,2019-04-30 21:00:00,1.299,49.875314131487265,48.0339280679379,0.009713803002273718
GBP_USD,2019-05-01 21:00:00,1.30817,53.41052067975062,51.131607614434046,0.011383042401818968
GBP_USD,2019-05-02 21:00:00,1.30398,51.68739974931034,50.95489162272995,0.010096433921455176
GBP_USD,2019-05-05 21:00:00,1.29874,49.61651594419303,50.650263620386745,0.00888514713716415
GBP_USD,2019-05-06 21:00:00,1.29676,48.851438212733434,37.28178090216742,0.008080117709731337
GBP_USD,2019-05-07 21:00:00,1.29913,49.80974618474376,31.599297012302102,0.008062094167785104
GBP_USD,2019-05-08 21:00:00,1.29412,47.849278427704434,26.186291739894262,0.007439675334228086
GBP_USD,2019-05-09 21:00:00,1.29041,46.44879095054643,18.746338605740913,0.006537740267382489
GBP_USD,2019-05-12 21:00:00,1.28264,43.67900061291252,-0.5741066198009414,0.005614192213905976
GBP_USD,2019-05-13 21:00:00,1.27879,42.38351550204937,-12.029745480257588,0.004999353771124778
GBP_USD,2019-05-14 21:00:00,1.27146,40.044316753700855,-20.764907503576424,0.0042254830168997936
GBP_USD,2019-05-15 21:00:00,1.27147,40.0489864212072,-14.746022336757974,0.004230386413519808
GBP_USD,2019-05-16 21:00:00,1.26854,39.12534238504011,-12.010015823607288,0.005374309130815828
GBP_USD,2019-05-19 21:00:00,1.26244,37.27392759038248,-10.581142862705473,0.004977447304652663
GBP_USD,2019-05-20 21:00:00,1.26054,36.7141365789319,-12.363086936333156,0.005169957843722142
GBP_USD,2019-05-21 21:00:00,1.26476,38.825078530480084,-9.857334025805974,0.0066759662749777005
GBP_USD,2019-05-22 21:00:00,1.26674,39.799718238934524,-3.1530222538455637,0.007344773019982145
GBP_USD,2019-05-23 21:00:00,1.26512,39.27016877870573,0.07667241709788404,0.006565818415985707
GBP_USD,2019-05-26 21:00:00,1.26117,37.99502656716017,-2.217110727749229,0.005656654732788548
GBP_USD,2019-05-27 21:00:00,1.2581,37.02832058395263,-5.615727212723676,0.005107323786230877
GBP_USD,2019-05-28 21:00:00,1.2559,36.34284167263241,-8.379467172959272,0.005361859028984712
GBP_USD,2019-05-29 21:00:00,1.26106,39.079218033949765,-5.548964858871155,0.0065934872231877655
GBP_USD,2019-05-30 21:00:00,1.26424,40.70421691560108,-0.6193547657901084,0.007356789778550218
GBP_USD,2019-06-02 21:00:00,1.26812,42.63555479043357,7.837436186870089,0.007909431822840155
GBP_USD,2019-06-03 21:00:00,1.2669,42.18858235361793,12.295110525867537,0.00755154545827215
GBP_USD,2019-06-04 21:00:00,1.26889,43.19348382537846,16.1020146188806,0.007921236366617736
GBP_USD,2019-06-05 21:00:00,1.26532,41.84365748684661,14.678729226937323,0.00741498909329419
GBP_USD,2019-06-06 21:00:00,1.26707,42.75089593674215,16.649551465173133,0.007515991274635338
GBP_USD,2019-06-09 21:00:00,1.26816,43.32061557928687,20.428538099238057,0.007770793019708287
GBP_USD,2019-06-10 21:00:00,1.26626,42.55693248815555,25.03630292741946,0.006744634415766625
GBP_USD,2019-06-11 21:00:00,1.25804,39.444855060072456,13.786650501175549,0.005779707532613329
GBP_USD,2019-06-12 21:00:00,1.25324,37.77611001771891,-3.4882000527445576,0.005127766026090635
GBP_USD,2019-06-13 21:00:00,1.25062,36.894761572383054,-16.284125908735543,0.0047462128208725085
GBP_USD,2019-06-16 21:00:00,1.25428,38.953009643129086,-10.34422158809276,0.007148970256697984
GBP_USD,2019-06-17 21:00:00,1.26328,43.62998554398517,11.344721857205235,0.009409176205358359
GBP_USD,2019-06-18 21:00:00,1.26428,44.12205010238793,31.289239305007925,0.009803340964286677
GBP_USD,2019-06-19 21:00:00,1.2745,48.84323655200878,60.81179734267764,0.009886672771429322
GBP_USD,2019-06-20 21:00:00,1.27082,47.35292296891996,71.42744892267648,0.008573338217143456
GBP_USD,2019-06-23 21:00:00,1.2672,45.92690686139838,74.00219215027535,0.008374670573714748
GBP_USD,2019-06-24 21:00:00,1.26628,45.56614349878302,60.424937993696155,0.007403736458971793
GBP_USD,2019-06-25 21:00:00,1.26618,45.52593206998977,52.480278112047294,0.007160989167177419
GBP_USD,2019-06-26 21:00:00,1.26654,45.70437437742511,51.59780719347515,0.007184791333741926
GBP_USD,2019-06-27 21:00:00,1.26321,44.31529626246864,47.492980344965794,0.00655583306699355
GBP_USD,2019-06-30 21:00:00,1.25841,42.39400330624265,37.103890894504396,0.00556466645359485
GBP_USD,2019-07-01 21:00:00,1.25572,41.35456739978254,22.636716138520843,0.004773733162875858
GBP_USD,2019-07-02 21:00:00,1.25689,41.99447823223249,14.186388554619375,0.004498986530300701
GBP_USD,2019-07-03 21:00:00,1.24814,38.72539087614788,0.45460623077922985,0.003971189224240556
GBP_USD,2019-07-04 21:00:00,1.25001,39.76210950206801,-6.492375842854909,0.00434895137939244
GBP_USD,2019-07-07 21:00:00,1.24398,37.63786596566979,-20.76760530003871,0.003937161103513933
GBP_USD,2019-07-08 21:00:00,1.24438,37.86565486177378,-15.767313049592316,0.004773728882811128
GBP_USD,2019-07-09 21:00:00,1.25017,41.08789534128075,-7.920061628915813,0.006370983106248879
GBP_USD,2019-07-10 21:00:00,1.25204,42.09125509226566,7.640191786533104,0.006642786484999106
GBP_USD,2019-07-11 21:00:00,1.25106,41.70616695463424,14.602876797998645,0.006462229187999257
GBP_USD,2019-07-14 21:00:00,1.23966,37.56988476257837,3.6481134042108057,0.0053697833503993835
GBP_USD,2019-07-15 21:00:00,1.23825,37.099112441583294,-4.574789535982469,0.005495826680319509
GBP_USD,2019-07-16 21:00:00,1.24277,39.608620456727955,-7.757371252026785,0.00791066134425558
GBP_USD,2019-07-17 21:00:00,1.24764,42.17975908777483,5.272517115675477,0.008904529075404465
GBP_USD,2019-07-18 21:00:00,1.2504,43.58783695868928,16.07539788388022,0.007675623260323547
GBP_USD,2019-07-21 21:00:00,1.24557,41.747332747920055,19.1937689613631,0.006670498608258846
GBP_USD,2019-07-22 21:00:00,1.2418,40.370892618180505,14.121369385138799,0.005862398886607059
GBP_USD,2019-07-23 21:00:00,1.24272,40.86310984450168,7.537122375832297,0.0067699191092856405
GBP_USD,2019-07-24 21:00:00,1.24372,41.4069608737837,5.921925615979675,0.00723593528742849
GBP_USD,2019-07-25 21:00:00,1.23764,39.142834912059705,0.4498378291396721,0.006234748229942783
GBP_USD,2019-07-28 21:00:00,1.22124,33.96112783309924,-26.089537674734775,0.005139798583954201
GBP_USD,2019-07-29 21:00:00,1.21195,31.516286155675772,-38.31696457742443,0.004387838867163348
